0.0 0.019999943673610687 0.049999930709600626 0.0 0.0 0.0 0.0 1.0
0.0 0.039873295280187904 0.04937859283286361 0.0 0.0 0.0 0.0 1.0
0.0 0.0498691751837157 0.04909081207757726 0.0 0.0 0.0 0.0 1.0
0.0 0.05986185074161199 0.04870995271109013 0.0 0.0 0.0 0.0 1.0
0.0 0.06985071160232792 0.04823631990917665 0.0 0.0 0.0 0.0 1.0
0.0 0.07983301118389363 0.04764061679749165 0.0 0.0 0.0 0.0 1.0
0.0 0.0898073761953242 0.046925589958005 0.0 0.0 0.0 0.0 1.0
0.0 0.09976953417577761 0.046058890758627236 0.0 0.0 0.0 0.0 1.0
0.0 0.10971826442215615 0.04504662271484694 0.0 0.0 0.0 0.0 1.0
0.0 0.11964715824319683 0.043855216491476945 0.0 0.0 0.0 0.0 1.0
0.0 0.12955407940847863 0.04249413253752454 0.0 0.0 0.0 0.0 1.0
0.0 0.13943078817209198 0.04092858081470485 0.0 0.0 0.0 0.0 1.0
0.0 0.1492754534793903 0.03917351493596488 0.0 0.0 0.0 0.0 1.0
0.0 0.1590773941782686 0.037193534511470894 0.0 0.0 0.0 0.0 1.0
0.0 0.16883569474140359 0.03500817079078633 0.0 0.0 0.0 0.0 1.0
0.0 0.1785372326104948 0.03258263373562631 0.0 0.0 0.0 0.0 1.0
0.0 0.18818353366441443 0.029946830571884853 0.0 0.0 0.0 0.0 1.0
0.0 0.19782006909355232 0.027275932194084085 0.0 0.0 0.0 0.0 1.0
0.0 0.20745416311649478 0.024594963015727167 0.0 0.0 0.0 0.0 1.0
0.0 0.21707757598733224 0.021876762392889937 0.0 0.0 0.0 0.0 1.0
0.0 0.22669702157310212 0.019143913332880125 0.0 0.0 0.0 0.0 1.0
0.0 0.23630517565521814 0.016372612125292285 0.0 0.0 0.0 0.0 1.0
0.0 0.24590875210071772 0.013584221074336433 0.0 0.0 0.0 0.0 1.0
0.0 0.25550103704256344 0.01075829340312584 0.0 0.0 0.0 0.0 1.0
0.0 0.265091796105537 0.00792687256797553 0.0 0.0 0.0 0.0 1.0
0.0 0.2746761464772476 0.005073173901291916 0.0 0.0 0.0 0.0 1.0
0.0 0.2842586657943116 0.0022148975979918717 0.0 0.0 0.0 0.0 1.0
0.0 0.29383447124433815 -0.0006671824157136186 0.0 0.0 0.0 0.0 1.0
0.0 0.3034078352881693 -0.0035571969995542574 0.0 0.0 0.0 0.0 1.0
0.0 0.3129735699376397 -0.006471625645349199 0.0 0.0 0.0 0.0 1.0
0.0 0.32253655800514025 -0.009395514740151434 0.0 0.0 0.0 0.0 1.0
0.0 0.3320943580844755 -0.01233649367832168 0.0 0.0 0.0 0.0 1.0
0.0 0.34165185298803635 -0.015278998495364071 0.0 0.0 0.0 0.0 1.0
0.0 0.35120385472765747 -0.018237982804225616 0.0 0.0 0.0 0.0 1.0
0.0 0.3607549409399553 -0.021200629222380307 0.0 0.0 0.0 0.0 1.0
0.0 0.3703005339883134 -0.024180975835451868 0.0 0.0 0.0 0.0 1.0
0.0 0.37984124422428067 -0.027176886413019297 0.0 0.0 0.0 0.0 1.0
0.0 0.38937920787827807 -0.030181036736496303 0.0 0.0 0.0 0.0 1.0
0.0 0.3989144249503056 -0.03319495268475503 0.0 0.0 0.0 0.0 1.0
0.0 0.4084484213192354 -0.03621161521498362 0.0 0.0 0.0 0.0 1.0
0.0 0.4179790607546465 -0.03923956924886607 0.0 0.0 0.0 0.0 1.0
0.0 0.4275081743111855 -0.04227210091936495 0.0 0.0 0.0 0.0 1.0
0.0 0.43703332058265687 -0.04531683962084099 0.0 0.0 0.0 0.0 1.0
0.0 0.4465566357994817 -0.04836707148625674 0.0 0.0 0.0 0.0 1.0
0.0 0.4560765940827878 -0.05142828967955193 0.0 0.0 0.0 0.0 1.0
0.0 0.465595942014545 -0.05449133892749369 0.0 0.0 0.0 0.0 1.0
0.0 0.47511223818855797 -0.05756384862444275 0.0 0.0 0.0 0.0 1.0
0.0 0.48462761883524763 -0.06063941007913609 0.0 0.0 0.0 0.0 1.0
0.0 0.4941396425484186 -0.06372504233438558 0.0 0.0 0.0 0.0 1.0
0.0 0.5036504455584918 -0.06681464187470265 0.0 0.0 0.0 0.0 1.0
0.0 0.5131575864592719 -0.06991492256712473 0.0 0.0 0.0 0.0 1.0
0.0 0.522658318668789 -0.07303503968488467 0.0 0.0 0.0 0.0 1.0
0.0 0.5321514214839453 -0.07617865533727564 0.0 0.0 0.0 0.0 1.0
0.0 0.5416408621898086 -0.07933356249332046 0.0 0.0 0.0 0.0 1.0
0.0 0.5511238942044088 -0.08250647502005659 0.0 0.0 0.0 0.0 1.0
0.0 0.5606050951643624 -0.08568579623805572 0.0 0.0 0.0 0.0 1.0
0.0 0.5700811081361508 -0.0888803762447763 0.0 0.0 0.0 0.0 1.0
0.0 0.5795497968893528 -0.09209662373148131 0.0 0.0 0.0 0.0 1.0
0.0 0.5890129924786152 -0.09532874035845662 0.0 0.0 0.0 0.0 1.0
0.0 0.5984691690250656 -0.09858191411386752 0.0 0.0 0.0 0.0 1.0
0.0 0.607921683462223 -0.101845463845609 0.0 0.0 0.0 0.0 1.0
0.0 0.6173683995596662 -0.10512549306916963 0.0 0.0 0.0 0.0 1.0
0.0 0.6268129794266883 -0.1084122361597677 0.0 0.0 0.0 0.0 1.0
0.0 0.6362511506024475 -0.11171606909373377 0.0 0.0 0.0 0.0 1.0
0.0 0.645685964844688 -0.11503058317980486 0.0 0.0 0.0 0.0 1.0
0.0 0.6551146755714399 -0.11836218710924395 0.0 0.0 0.0 0.0 1.0
0.0 0.6645406397162219 -0.12170142043304377 0.0 0.0 0.0 0.0 1.0
0.0 0.6739614158728386 -0.12505530219401617 0.0 0.0 0.0 0.0 1.0
0.0 0.6833803609748088 -0.12841437194315386 0.0 0.0 0.0 0.0 1.0
0.0 0.6927941180886137 -0.13178809012946413 0.0 0.0 0.0 0.0 1.0
0.0 0.7022054337962231 -0.13516852218281183 0.0 0.0 0.0 0.0 1.0
0.0 0.7116115615156673 -0.1385632974975577 0.0 0.0 0.0 0.0 1.0
0.0 0.7210158581804649 -0.1419629556246944 0.0 0.0 0.0 0.0 1.0
0.0 0.730415577208646 -0.14537573631013156 0.0 0.0 0.0 0.0 1.0
0.0 0.7398113289517596 -0.14879919814767373 0.0 0.0 0.0 0.0 1.0
0.0 0.7492049444644522 -0.15222845832493004 0.0 0.0 0.0 0.0 1.0
0.0 0.7585945926920772 -0.1556690100058402 0.0 0.0 0.0 0.0 1.0
0.0 0.7679821046892812 -0.15911474967491568 0.0 0.0 0.0 0.0 1.0
0.0 0.777365954577192 -0.16257086532032172 0.0 0.0 0.0 0.0 1.0
0.0 0.7867479734104563 -0.1660315586023442 0.0 0.0 0.0 0.0 1.0
0.0 0.7961266353102019 -0.16950171233337397 0.0 0.0 0.0 0.0 1.0
0.0 0.805502855803752 -0.17297766440411788 0.0 0.0 0.0 0.0 1.0
0.0 0.814875414188009 -0.17646460280274123 0.0 0.0 0.0 0.0 1.0
0.0 0.824245836341845 -0.17995642401375544 0.0 0.0 0.0 0.0 1.0
0.0 0.8336129015621623 -0.18345801084955138 0.0 0.0 0.0 0.0 1.0
0.0 0.8429784409036074 -0.18696325979464046 0.0 0.0 0.0 0.0 1.0
0.0 0.8523403181357594 -0.19047796918873683 0.0 0.0 0.0 0.0 1.0
0.0 0.8617003643132648 -0.1939978665709985 0.0 0.0 0.0 0.0 1.0
0.0 0.8710564432057026 -0.19752813992959073 0.0 0.0 0.0 0.0 1.0
0.0 0.8804109962192683 -0.20106238057325054 0.0 0.0 0.0 0.0 1.0
0.0 0.8897621922993153 -0.20460638684169208 0.0 0.0 0.0 0.0 1.0
0.0 0.8991100314458436 -0.20815832768026876 0.0 0.0 0.0 0.0 1.0
0.0 0.9084563447134997 -0.21171454097968745 0.0 0.0 0.0 0.0 1.0
0.0 0.9177989958718626 -0.21528051990388786 0.0 0.0 0.0 0.0 1.0
0.0 0.927139815975579 -0.21885046611315584 0.0 0.0 0.0 0.0 1.0
0.0 0.9364778894973256 -0.22242895724410783 0.0 0.0 0.0 0.0 1.0
0.0 0.9458144371402 -0.22601080530857853 0.0 0.0 0.0 0.0 1.0
0.0 0.9551479330253301 -0.22960028276740996 0.0 0.0 0.0 0.0 1.0
0.0 0.9644765460980693 -0.23320227243299296 0.0 0.0 0.0 0.0 1.0
0.0 0.97379905565532 -0.23682074159039512 0.0 0.0 0.0 0.0 1.0
0.0 0.9831185134548264 -0.240446840142158 0.0 0.0 0.0 0.0 1.0
0.0 0.9924330884419419 -0.24408514572489803 0.0 0.0 0.0 0.0 1.0
0.0 1.0017461375501853 -0.2477271134169312 0.0 0.0 0.0 0.0 1.0
0.0 1.011053693494489 -0.25138372954613697 0.0 0.0 0.0 0.0 1.0
0.0 1.0203566718021762 -0.25505224753054545 0.0 0.0 0.0 0.0 1.0
0.0 1.0296526310670515 -0.2587375501825475 0.0 0.0 0.0 0.0 1.0
0.0 1.0389434023437616 -0.2624368909201733 0.0 0.0 0.0 0.0 1.0
0.0 1.0482317322142762 -0.2661417248217388 0.0 0.0 0.0 0.0 1.0
0.0 1.0575157896239489 -0.2698572398754093 0.0 0.0 0.0 0.0 1.0
0.0 1.0667955745727795 -0.2735837412569593 0.0 0.0 0.0 0.0 1.0
0.0 1.0760686456545727 -0.2773267221303284 0.0 0.0 0.0 0.0 1.0
0.0 1.085338970154396 -0.2810764168707349 0.0 0.0 0.0 0.0 1.0
0.0 1.0946041066660541 -0.28483862381789304 0.0 0.0 0.0 0.0 1.0
0.0 1.1038680224746145 -0.28860479805011874 0.0 0.0 0.0 0.0 1.0
0.0 1.1131258347676862 -0.29238501036796816 0.0 0.0 0.0 0.0 1.0
0.0 1.1223809004787881 -0.29617254690440387 0.0 0.0 0.0 0.0 1.0
0.0 1.131630167850176 -0.29997351117491444 0.0 0.0 0.0 0.0 1.0
0.0 1.1408779093426915 -0.30377905308204145 0.0 0.0 0.0 0.0 1.0
0.0 1.1501210731985907 -0.3075955813170479 0.0 0.0 0.0 0.0 1.0
0.0 1.1593596594178734 -0.31142279070415935 0.0 0.0 0.0 0.0 1.0
0.0 1.1685954990551863 -0.31525671395830823 0.0 0.0 0.0 0.0 1.0
0.0 1.1778264558801084 -0.3191022338918854 0.0 0.0 0.0 0.0 1.0
0.0 1.1870555816503838 -0.3229520262863046 0.0 0.0 0.0 0.0 1.0
0.0 1.1962810453113661 -0.3268115843055055 0.0 0.0 0.0 0.0 1.0
0.0 1.2055034572146042 -0.33067785619174384 0.0 0.0 0.0 0.0 1.0
0.0 1.214714272438414 -0.33457128872190633 0.0 0.0 0.0 0.0 1.0
0.0 1.223918984146735 -0.338479064513467 0.0 0.0 0.0 0.0 1.0
0.0 1.233115761284921 -0.3424057612030422 0.0 0.0 0.0 0.0 1.0
0.0 1.242310402192686 -0.3463379510565572 0.0 0.0 0.0 0.0 1.0
0.0 1.2514983292334136 -0.3502853996987936 0.0 0.0 0.0 0.0 1.0
0.0 1.260678321704006 -0.3542511588874957 0.0 0.0 0.0 0.0 1.0
0.0 1.2698470226709446 -0.35824285801702427 0.0 0.0 0.0 0.0 1.0
0.0 1.2790071787161992 -0.3622543935718907 0.0 0.0 0.0 0.0 1.0
0.0 1.288163977827935 -0.36627355852111787 0.0 0.0 0.0 0.0 1.0
0.0 1.2973140630726334 -0.37030767708329204 0.0 0.0 0.0 0.0 1.0
0.0 1.30645712927452 -0.3743576647857365 0.0 0.0 0.0 0.0 1.0
0.0 1.3155904298516248 -0.3784299303197143 0.0 0.0 0.0 0.0 1.0
0.0 1.3247200683194365 -0.38251043559960163 0.0 0.0 0.0 0.0 1.0
0.0 1.3338420773928874 -0.38660772554708256 0.0 0.0 0.0 0.0 1.0
0.0 1.3429622554116918 -0.3907092879554055 0.0 0.0 0.0 0.0 1.0
0.0 1.35207236262994 -0.39483312819526173 0.0 0.0 0.0 0.0 1.0
0.0 1.3611791129146695 -0.3989645978294787 0.0 0.0 0.0 0.0 1.0
0.0 1.3702776234534895 -0.4031134624828381 0.0 0.0 0.0 0.0 1.0
0.0 1.3793700304768208 -0.4072763652218212 0.0 0.0 0.0 0.0 1.0
0.0 1.3884596909181823 -0.41144506630051847 0.0 0.0 0.0 0.0 1.0
0.0 1.3975414167894087 -0.4156314675741326 0.0 0.0 0.0 0.0 1.0
0.0 1.406619480551342 -0.4198248878905586 0.0 0.0 0.0 0.0 1.0
0.0 1.4156914407977865 -0.4240320411168339 0.0 0.0 0.0 0.0 1.0
0.0 1.4247612648138102 -0.42824377197972563 0.0 0.0 0.0 0.0 1.0
0.0 1.4338246801385708 -0.43246923575246665 0.0 0.0 0.0 0.0 1.0
0.0 1.4428841281782638 -0.4367035496226661 0.0 0.0 0.0 0.0 1.0
0.0 1.4519380830540172 -0.440948849820745 0.0 0.0 0.0 0.0 1.0
0.0 1.4609871551173796 -0.44520513634670333 0.0 0.0 0.0 0.0 1.0
0.0 1.4700337857745467 -0.4494663056850525 0.0 0.0 0.0 0.0 1.0
0.0 1.4790764491466462 -0.4537357147693113 0.0 0.0 0.0 0.0 1.0
0.0 1.4881133141790315 -0.45801763606032164 0.0 0.0 0.0 0.0 1.0
0.0 1.4971498740356424 -0.4623007780544297 0.0 0.0 0.0 0.0 1.0
0.0 1.5061763630916971 -0.4666043668254245 0.0 0.0 0.0 0.0 1.0
0.0 1.5152074297843683 -0.470898495147412 0.0 0.0 0.0 0.0 1.0
0.0 1.5242183548759272 -0.4752347377262707 0.0 0.0 0.0 0.0 1.0
0.0 1.5332439284046586 -0.47954015755191204 0.0 0.0 0.0 0.0 1.0
0.0 1.5422240307430002 -0.48394048704340076 0.0 0.0 0.0 0.0 1.0
0.0 1.5512422800531454 -0.48826116565776356 0.0 0.0 0.0 0.0 1.0
0.0 1.5601692818067363 -0.49276800149452793 0.0 0.0 0.0 0.0 1.0
0.0 1.5691704412735135 -0.4971242330866117 0.0 0.0 0.0 0.0 1.0
0.0 1.578223175446169 -0.5013724324545477 0.0 0.0 0.0 0.0 1.0
0.0 1.5871083681186633 -0.5059610553988589 0.0 0.0 0.0 0.0 1.0
0.0 1.5961699523887773 -0.5101903338687803 0.0 0.0 0.0 0.0 1.0
0.0 1.6047292173341816 -0.5153615373664762 0.0 0.0 0.0 0.0 1.0
0.0 1.6137004695750647 -0.5197786515255585 0.0 0.0 0.0 0.0 1.0
0.0 1.6229311212242123 -0.5236252395743461 0.0 0.0 0.0 0.0 1.0
0.0 1.6321974784389681 -0.5273846999395344 0.0 0.0 0.0 0.0 1.0
0.0 1.640561430888738 -0.5328659620240499 0.0 0.0 0.0 0.0 1.0
0.0 1.6494405200457436 -0.5374667919993383 0.0 0.0 0.0 0.0 1.0
0.0 1.6586150193523963 -0.5414452159826793 0.0 0.0 0.0 0.0 1.0
0.0 1.6679494307648497 -0.5450324046232025 0.0 0.0 0.0 0.0 1.0
0.0 1.677249662490567 -0.5487070261230995 0.0 0.0 0.0 0.0 1.0
0.0 1.6859694498933209 -0.553602503308599 0.0 0.0 0.0 0.0 1.0
0.0 1.6950792519357947 -0.5577268013121168 0.0 0.0 0.0 0.0 1.0
0.0 1.7045137610022607 -0.561042078337624 0.0 0.0 0.0 0.0 1.0
0.0 1.7139766514157486 -0.564275415667697 0.0 0.0 0.0 0.0 1.0
0.0 1.722486172709921 -0.5695277959213909 0.0 0.0 0.0 0.0 1.0
0.0 1.7314616974116461 -0.5739369755103381 0.0 0.0 0.0 0.0 1.0
0.0 1.7408287626319634 -0.5774384097582468 0.0 0.0 0.0 0.0 1.0
0.0 1.7503438381028786 -0.5805144289766018 0.0 0.0 0.0 0.0 1.0
0.0 1.759922390134875 -0.5833873537170744 0.0 0.0 0.0 0.0 1.0
0.0 1.7695030783972925 -0.5862528016510735 0.0 0.0 0.0 0.0 1.0
0.0 1.7789150044564508 -0.5896310974740002 0.0 0.0 0.0 0.0 1.0
0.0 1.7883000750474594 -0.5930838561858875 0.0 0.0 0.0 0.0 1.0
0.0 1.7976741593105885 -0.5965663695357817 0.0 0.0 0.0 0.0 1.0
0.0 1.807040614179357 -0.6000688718989009 0.0 0.0 0.0 0.0 1.0
0.0 1.8163942516655993 -0.6036055539487561 0.0 0.0 0.0 0.0 1.0
0.0 1.8255821787063269 -0.6075531551788798 0.0 0.0 0.0 0.0 1.0
0.0 1.8349635871880423 -0.6110159846913232 0.0 0.0 0.0 0.0 1.0
0.0 1.844596460507887 -0.6083316585794476 0.0 0.0 0.0 0.0 1.0
0.0 1.8543645266958038 -0.6061902401702808 0.0 0.0 0.0 0.0 1.0
0.0 1.8643065430751449 -0.6051141903896449 0.0 0.0 0.0 0.0 1.0
0.0 1.874240014532802 -0.6039645932473716 0.0 0.0 0.0 0.0 1.0
0.0 1.883779809241446 -0.6009656309120599 0.0 0.0 0.0 0.0 1.0
0.0 1.8934422846114103 -0.5983890318485576 0.0 0.0 0.0 0.0 1.0
0.0 1.9033821647603304 -0.597294671521456 0.0 0.0 0.0 0.0 1.0
0.0 1.913326012194318 -0.5962366271115114 0.0 0.0 0.0 0.0 1.0
0.0 1.923300682381523 -0.5955226683872352 0.0 0.0 0.0 0.0 1.0
0.0 1.9332762680960514 -0.5948257995063271 0.0 0.0 0.0 0.0 1.0
0.0 1.9432631453142335 -0.594316155963031 0.0 0.0 0.0 0.0 1.0
0.0 1.95325032770819 -0.5938091064138176 0.0 0.0 0.0 0.0 1.0
0.0 1.9632423929145375 -0.5934119201433985 0.0 0.0 0.0 0.0 1.0
0.0 1.9732341529451105 -0.5930014587267918 0.0 0.0 0.0 0.0 1.0
0.0 1.9832271336787812 -0.5926303649850864 0.0 0.0 0.0 0.0 1.0
0.0 1.9932191988851287 -0.5922296691932614 0.0 0.0 0.0 0.0 1.0
0.0 2.0032152313765437 -0.5919486023050125 0.0 0.0 0.0 0.0 1.0
0.0 2.0122636930883573 -0.5876910950759564 0.0 0.0 0.0 0.0 1.0
0.0 2.0220277919912064 -0.5855319764718727 0.0 0.0 0.0 0.0 1.0
0.0 2.031760152613515 -0.5832343080661984 0.0 0.0 0.0 0.0 1.0
0.0 2.041613057666723 -0.5815260866688332 0.0 0.0 0.0 0.0 1.0
0.0 2.0513838704366094 -0.5793968752906435 0.0 0.0 0.0 0.0 1.0
0.0 2.0610545855524833 -0.5768518619197947 0.0 0.0 0.0 0.0 1.0
0.0 2.070619099498856 -0.5739328556373833 0.0 0.0 0.0 0.0 1.0
0.0 2.0801057936227494 -0.5707697087354289 0.0 0.0 0.0 0.0 1.0
0.0 2.0898405956512534 -0.5684831792455212 0.0 0.0 0.0 0.0 1.0
0.0 2.099461261940121 -0.5657549078221278 0.0 0.0 0.0 0.0 1.0
0.0 2.1089351386814883 -0.5625539191241442 0.0 0.0 0.0 0.0 1.0
0.0 2.118297626265189 -0.5590401252573711 0.0 0.0 0.0 0.0 1.0
0.0 2.127574054280501 -0.5553059944814605 0.0 0.0 0.0 0.0 1.0
0.0 2.1367589295634843 -0.5513510690327506 0.0 0.0 0.0 0.0 1.0
0.0 2.146180926423199 -0.5480008493810713 0.0 0.0 0.0 0.0 1.0
0.0 2.1554778012153974 -0.5443172251958286 0.0 0.0 0.0 0.0 1.0
0.0 2.1646602350921853 -0.5403571117589534 0.0 0.0 0.0 0.0 1.0
0.0 2.173742876490735 -0.5361731518915347 0.0 0.0 0.0 0.0 1.0
0.0 2.182764482734399 -0.5318591871442093 0.0 0.0 0.0 0.0 1.0
0.0 2.1918407154416855 -0.5276608840153925 0.0 0.0 0.0 0.0 1.0
0.0 2.2008156297918617 -0.5232509414870092 0.0 0.0 0.0 0.0 1.0
0.0 2.2097166916046262 -0.5186934464716897 0.0 0.0 0.0 0.0 1.0
0.0 2.2185536665047607 -0.5140126604435009 0.0 0.0 0.0 0.0 1.0
0.0 2.227399796678128 -0.509349574610229 0.0 0.0 0.0 0.0 1.0
0.0 2.2361833658177375 -0.5045694538674637 0.0 0.0 0.0 0.0 1.0
0.0 2.2449416053680693 -0.49974294640698513 0.0 0.0 0.0 0.0 1.0
0.0 2.2536537633764624 -0.4948338888995236 0.0 0.0 0.0 0.0 1.0
0.0 2.262372635251893 -0.4899371910109265 0.0 0.0 0.0 0.0 1.0
0.0 2.271046951464257 -0.48496130000886506 0.0 0.0 0.0 0.0 1.0
0.0 2.279684341407915 -0.47992193244572245 0.0 0.0 0.0 0.0 1.0
0.0 2.288311050199468 -0.47486455951188855 0.0 0.0 0.0 0.0 1.0
0.0 2.2969225002022995 -0.46978063628567934 0.0 0.0 0.0 0.0 1.0
0.0 2.3055150293071165 -0.4646655851304784 0.0 0.0 0.0 0.0 1.0
0.0 2.3140849754046258 -0.459511776651925 0.0 0.0 0.0 0.0 1.0
0.0 2.322653395623263 -0.454356137118725 0.0 0.0 0.0 0.0 1.0
0.0 2.331208388107825 -0.44917821975399175 0.0 0.0 0.0 0.0 1.0
0.0 2.3397435441670495 -0.4439676485813946 0.0 0.0 0.0 0.0 1.0
0.0 2.348276563995853 -0.4387534152995043 0.0 0.0 0.0 0.0 1.0
0.0 2.356794325035935 -0.43351446277988526 0.0 0.0 0.0 0.0 1.0
0.0 2.365330701798257 -0.4283057226619347 0.0 0.0 0.0 0.0 1.0
0.0 2.373845716256369 -0.4230621925056992 0.0 0.0 0.0 0.0 1.0
0.0 2.3823466926288575 -0.417796079342156 0.0 0.0 0.0 0.0 1.0
0.0 2.3908372930250152 -0.4125128763352448 0.0 0.0 0.0 0.0 1.0
0.0 2.399369092150721 -0.40729681199870793 0.0 0.0 0.0 0.0 1.0
0.0 2.4078743409840513 -0.40203741270220217 0.0 0.0 0.0 0.0 1.0
0.0 2.4163594482162694 -0.39674566477360695 0.0 0.0 0.0 0.0 1.0
0.0 2.4248326535932847 -0.39143499594699716 0.0 0.0 0.0 0.0 1.0
0.0 2.4333629268401182 -0.3862161850284904 0.0 0.0 0.0 0.0 1.0
0.0 2.4418440667872687 -0.38091833358440663 0.0 0.0 0.0 0.0 1.0
0.0 2.450306591012179 -0.3755902697386544 0.0 0.0 0.0 0.0 1.0
0.0 2.4587541616241424 -0.37023870735827114 0.0 0.0 0.0 0.0 1.0
0.0 2.4672722278399988 -0.36500006001442653 0.0 0.0 0.0 0.0 1.0
0.0 2.475748179798984 -0.35969366364865873 0.0 0.0 0.0 0.0 1.0
0.0 2.484189952071233 -0.35433325117081704 0.0 0.0 0.0 0.0 1.0
0.0 2.4927791242425315 -0.3492120965001275 0.0 0.0 0.0 0.0 1.0
0.0 2.501267283232494 -0.34392492620814874 0.0 0.0 0.0 0.0 1.0
0.0 2.5097136331413594 -0.33857183794889334 0.0 0.0 0.0 0.0 1.0
0.0 2.5181267188908123 -0.33316595428066176 0.0 0.0 0.0 0.0 1.0
0.0 2.5266972753398704 -0.32801397685675493 0.0 0.0 0.0 0.0 1.0
0.0 2.535186960208705 -0.322729553146746 0.0 0.0 0.0 0.0 1.0
0.0 2.5436055391220975 -0.31733221440019843 0.0 0.0 0.0 0.0 1.0
0.0 2.5519832244817167 -0.3118720094441185 0.0 0.0 0.0 0.0 1.0
0.0 2.560506173509964 -0.30664129667040907 0.0 0.0 0.0 0.0 1.0
0.0 2.568946419903341 -0.30127844278637195 0.0 0.0 0.0 0.0 1.0
0.0 2.5773173913959226 -0.2958081670297359 0.0 0.0 0.0 0.0 1.0
0.0 2.5856200035150323 -0.29023413150979405 0.0 0.0 0.0 0.0 1.0
0.0 2.594139595609761 -0.28499853592369373 0.0 0.0 0.0 0.0 1.0
0.0 2.602471199427441 -0.2794678353637208 0.0 0.0 0.0 0.0 1.0
0.0 2.6107542802969874 -0.2738651133209826 0.0 0.0 0.0 0.0 1.0
0.0 2.6194585037352454 -0.2689420177278974 0.0 0.0 0.0 0.0 1.0
0.0 2.6279167554993137 -0.26360754519088214 0.0 0.0 0.0 0.0 1.0
0.0 2.6362700267969785 -0.2581101087903219 0.0 0.0 0.0 0.0 1.0
0.0 2.6443962473184683 -0.2522818618502809 0.0 0.0 0.0 0.0 1.0
0.0 2.653058966851404 -0.24728674477443047 0.0 0.0 0.0 0.0 1.0
0.0 2.661372565298393 -0.24172918874630778 0.0 0.0 0.0 0.0 1.0
0.0 2.669635504566827 -0.2360965594776756 0.0 0.0 0.0 0.0 1.0
0.0 2.6778581606330363 -0.2304053364603531 0.0 0.0 0.0 0.0 1.0
0.0 2.6858195862363345 -0.2243546163807535 0.0 0.0 0.0 0.0 1.0
0.0 2.693926275508261 -0.21849981914833716 0.0 0.0 0.0 0.0 1.0
0.0 2.702732427655178 -0.21376135489878134 0.0 0.0 0.0 0.0 1.0
0.0 2.710420415764588 -0.20736609136985162 0.0 0.0 0.0 0.0 1.0
0.0 2.718255498597273 -0.20115271260248146 0.0 0.0 0.0 0.0 1.0
0.0 2.7267546439151147 -0.19588354768119398 0.0 0.0 0.0 0.0 1.0
0.0 2.7349193165841825 -0.190108706501678 0.0 0.0 0.0 0.0 1.0
0.0 2.7432634326086145 -0.18459753719126848 0.0 0.0 0.0 0.0 1.0
0.0 2.751567265430822 -0.17902594307752207 0.0 0.0 0.0 0.0 1.0
0.0 2.759842411730233 -0.1734113191795812 0.0 0.0 0.0 0.0 1.0
0.0 2.7680083051023985 -0.1676395297578095 0.0 0.0 0.0 0.0 1.0
0.0 2.7761601603889403 -0.16184698838337663 0.0 0.0 0.0 0.0 1.0
0.0 2.7843925820799313 -0.15617041380322672 0.0 0.0 0.0 0.0 1.0
0.0 2.7925950965450284 -0.15044989391155905 0.0 0.0 0.0 0.0 1.0
0.0 2.80077380729972 -0.14469580468470422 0.0 0.0 0.0 0.0 1.0
0.0 2.8089317661017503 -0.13891302893505308 0.0 0.0 0.0 0.0 1.0
0.0 2.817075076466608 -0.13310889088119193 0.0 0.0 0.0 0.0 1.0
0.0 2.825214114370624 -0.1272986493118422 0.0 0.0 0.0 0.0 1.0
0.0 2.8333372831343695 -0.1214664350867336 0.0 0.0 0.0 0.0 1.0
0.0 2.841490359124009 -0.11567602994272175 0.0 0.0 0.0 0.0 1.0
0.0 2.849611086481559 -0.10984045878409443 0.0 0.0 0.0 0.0 1.0
0.0 2.857716555050388 -0.10398444084858038 0.0 0.0 0.0 0.0 1.0
0.0 2.8658391134625845 -0.09815070074459964 0.0 0.0 0.0 0.0 1.0
0.0 2.8739470234376086 -0.09229742939105545 0.0 0.0 0.0 0.0 1.0
0.0 2.8820646990374144 -0.08645789094736056 0.0 0.0 0.0 0.0 1.0
0.0 2.89016650549695 -0.08059668502368122 0.0 0.0 0.0 0.0 1.0
0.0 2.898257325628606 -0.07471899960818273 0.0 0.0 0.0 0.0 1.0
0.0 2.9063597424396903 -0.06885809886027783 0.0 0.0 0.0 0.0 1.0
0.0 2.914447510813602 -0.06297705651126062 0.0 0.0 0.0 0.0 1.0
0.0 2.922543824109198 -0.057107916017446136 0.0 0.0 0.0 0.0 1.0
0.0 2.9306279303738165 -0.05122138050448921 0.0 0.0 0.0 0.0 1.0
0.0 2.9387053227713977 -0.04532599489407385 0.0 0.0 0.0 0.0 1.0
0.0 2.946786377278272 -0.03943549209604935 0.0 0.0 0.0 0.0 1.0
0.0 2.954856445457267 -0.03353003568507784 0.0 0.0 0.0 0.0 1.0
0.0 2.9629448241827276 -0.02765051921493278 0.0 0.0 0.0 0.0 1.0
0.0 2.9710185544710157 -0.02174933526480327 0.0 0.0 0.0 0.0 1.0
0.0 2.9790794673767778 -0.015831976998629038 0.0 0.0 0.0 0.0 1.0
0.0 2.9871666253991407 -0.009949713946514116 0.0 0.0 0.0 0.0 1.0
0.0 2.995234862523489 -0.004042121305121604 0.0 0.0 0.0 0.0 1.0
0.0 3.0033018789447397 0.0018679127424663378 0.0 0.0 0.0 0.0 1.0
0.0 3.0113554676319154 0.00779564698497115 0.0 0.0 0.0 0.0 1.0
0.0 3.019426756514008 0.013698967165521658 0.0 0.0 0.0 0.0 1.0
0.0 3.0274870590682212 0.019617851310568035 0.0 0.0 0.0 0.0 1.0
0.0 3.035532102833713 0.02555779258405 0.0 0.0 0.0 0.0 1.0
0.0 3.043610105582843 0.0314525678429165 0.0 0.0 0.0 0.0 1.0
0.0 3.051663694270019 0.037379996909646884 0.0 0.0 0.0 0.0 1.0
0.0 3.059698972410729 0.04333245038988043 0.0 0.0 0.0 0.0 1.0
0.0 3.0677305884421457 0.04929009185827926 0.0 0.0 0.0 0.0 1.0
0.0 3.0757835667777726 0.05521935197965622 0.0 0.0 0.0 0.0 1.0
0.0 3.0838206759731293 0.06116875370214547 0.0 0.0 0.0 0.0 1.0
0.0 3.09183947462202 0.0671444005412356 0.0 0.0 0.0 0.0 1.0
0.0 3.099888180496805 0.07307854347500342 0.0 0.0 0.0 0.0 1.0
0.0 3.107914913715831 0.07904289881043969 0.0 0.0 0.0 0.0 1.0
0.0 3.1159190639275494 0.0850374665475444 0.0 0.0 0.0 0.0 1.0
0.0 3.123976925075567 0.0909597076261095 0.0 0.0 0.0 0.0 1.0
0.0 3.1319981651306534 0.09693108200435763 0.0 0.0 0.0 0.0 1.0
0.0 3.1399907186629434 0.10294060335440935 0.0 0.0 0.0 0.0 1.0
0.0 3.147972896218903 0.10896477314163366 0.0 0.0 0.0 0.0 1.0
0.0 3.156008174359613 0.11491661627031835 0.0 0.0 0.0 0.0 1.0
0.0 3.1640068314073915 0.12091911857755822 0.0 0.0 0.0 0.0 1.0
0.0 3.171971919119983 0.12696495584476697 0.0 0.0 0.0 0.0 1.0
0.0 3.1800047558544975 0.13292107143429366 0.0 0.0 0.0 0.0 1.0
0.0 3.1879875437620058 0.13894402051842025 0.0 0.0 0.0 0.0 1.0
0.0 3.1959294381157406 0.1450206805388463 0.0 0.0 0.0 0.0 1.0
0.0 3.203967157662646 0.15096977708556114 0.0 0.0 0.0 0.0 1.0
0.0 3.2119407902969215 0.15700554355221374 0.0 0.0 0.0 0.0 1.0
0.0 3.219861932697995 0.16310905904078954 0.0 0.0 0.0 0.0 1.0
0.0 3.2277592713886634 0.16924339728258264 0.0 0.0 0.0 0.0 1.0
0.0 3.235761590545735 0.1752404064258828 0.0 0.0 0.0 0.0 1.0
0.0 3.2436876157591996 0.18133751322319558 0.0 0.0 0.0 0.0 1.0
0.0 3.251555047223974 0.18751091396411557 0.0 0.0 0.0 0.0 1.0
0.0 3.2595311212644447 0.19354210279415174 0.0 0.0 0.0 0.0 1.0
0.0 3.2674217460880755 0.19968498595762885 0.0 0.0 0.0 0.0 1.0
0.0 3.2752415701320388 0.2059185063261113 0.0 0.0 0.0 0.0 1.0
0.0 3.283223747687998 0.21194206576178676 0.0 0.0 0.0 0.0 1.0
0.0 3.29109239985587 0.21811302509651131 0.0 0.0 0.0 0.0 1.0
0.0 3.2988694992914134 0.22439964604974438 0.0 0.0 0.0 0.0 1.0
0.0 3.3069688643447535 0.2302648192584913 0.0 0.0 0.0 0.0 1.0
0.0 3.314890006745827 0.2363683347470671 0.0 0.0 0.0 0.0 1.0
0.0 3.3226829753216407 0.24263481409918786 0.0 0.0 0.0 0.0 1.0
0.0 3.3303685220248553 0.24903282421008743 0.0 0.0 0.0 0.0 1.0
0.0 3.338389151728393 0.25500511411565885 0.0 0.0 0.0 0.0 1.0
0.0 3.346179068546462 0.26127525557707276 0.0 0.0 0.0 0.0 1.0
0.0 3.3537883213060695 0.2677642080687521 0.0 0.0 0.0 0.0 1.0
0.0 3.3619401765926114 0.2735561390916361 0.0 0.0 0.0 0.0 1.0
0.0 3.3697557281757327 0.2797939319209606 0.0 0.0 0.0 0.0 1.0
0.0 3.377266714335974 0.28639640980072745 0.0 0.0 0.0 0.0 1.0
0.0 3.3851896877916943 0.2924974838831078 0.0 0.0 0.0 0.0 1.0
0.0 3.392734243287123 0.2990612044395222 0.0 0.0 0.0 0.0 1.0
0.0 3.40004442378779 0.3058843244042011 0.0 0.0 0.0 0.0 1.0
0.0 3.4069725242188724 0.3130956279539534 0.0 0.0 0.0 0.0 1.0
0.0 3.4137938131289047 0.32040824986081606 0.0 0.0 0.0 0.0 1.0
0.0 3.4207078754743634 0.32763298114464323 0.0 0.0 0.0 0.0 1.0
0.0 3.426367055035371 0.335877304690837 0.0 0.0 0.0 0.0 1.0
0.0 3.4322014054909005 0.34399894757571037 0.0 0.0 0.0 0.0 1.0
0.0 3.4376188858385603 0.3524044039308025 0.0 0.0 0.0 0.0 1.0
0.0 3.442733021466438 0.3609978485629428 0.0 0.0 0.0 0.0 1.0
0.0 3.448093739120054 0.36943931565941757 0.0 0.0 0.0 0.0 1.0
0.0 3.4536332897774855 0.3777648159616094 0.0 0.0 0.0 0.0 1.0
0.0 3.4591276744203014 0.3861202234896952 0.0 0.0 0.0 0.0 1.0
0.0 3.4643846323106118 0.3946269982018977 0.0 0.0 0.0 0.0 1.0
0.0 3.4696788216454024 0.40311057955524365 0.0 0.0 0.0 0.0 1.0
0.0 3.4751133918364303 0.41150474440668194 0.0 0.0 0.0 0.0 1.0
0.0 3.4806749151496206 0.4198159014474756 0.0 0.0 0.0 0.0 1.0
0.0 3.4861338994026028 0.4281941971586436 0.0 0.0 0.0 0.0 1.0
0.0 3.491439075065273 0.4366710646449521 0.0 0.0 0.0 0.0 1.0
0.0 3.4967332644000635 0.445154645998298 0.0 0.0 0.0 0.0 1.0
0.0 3.5018504517856854 0.4537459544000173 0.0 0.0 0.0 0.0 1.0
0.0 3.5069536010856837 0.462346112899195 0.0 0.0 0.0 0.0 1.0
0.0 3.5119029417953698 0.47103538272450596 0.0 0.0 0.0 0.0 1.0
0.0 3.5169175901207836 0.47968711592956215 0.0 0.0 0.0 0.0 1.0
0.0 3.5221507443006885 0.48820853907893724 0.0 0.0 0.0 0.0 1.0
0.0 3.5274443232839303 0.4966924256080576 0.0 0.0 0.0 0.0 1.0
0.0 3.5327281366423904 0.505182720828441 0.0 0.0 0.0 0.0 1.0
0.0 3.5381065544909234 0.5136128964212618 0.0 0.0 0.0 0.0 1.0
0.0 3.5434678824960884 0.5220543635177366 0.0 0.0 0.0 0.0 1.0
0.0 3.5488206655795693 0.5305010186023766 0.0 0.0 0.0 0.0 1.0
0.0 3.554145372491803 0.538965679057708 0.0 0.0 0.0 0.0 1.0
0.0 3.559445054990533 0.5474459034775352 0.0 0.0 0.0 0.0 1.0
0.0 3.56466111932707 0.5559773974274664 0.0 0.0 0.0 0.0 1.0
0.0 3.569911973701892 0.5644881394247365 0.0 0.0 0.0 0.0 1.0
0.0 3.5751634384282625 0.5729982710704578 0.0 0.0 0.0 0.0 1.0
0.0 3.580264756673614 0.5815990399211843 0.0 0.0 0.0 0.0 1.0
0.0 3.585612656944704 0.5900490519393431 0.0 0.0 0.0 0.0 1.0
0.0 3.5909300396383514 0.5985179848555164 0.0 0.0 0.0 0.0 1.0
0.0 3.596228501433984 0.6069991248026669 0.0 0.0 0.0 0.0 1.0
0.0 3.601559922213255 0.6154592076213818 0.0 0.0 0.0 0.0 1.0
0.0 3.606883408422391 0.623924478428262 0.0 0.0 0.0 0.0 1.0
0.0 3.612227036232639 0.6323772370283907 0.0 0.0 0.0 0.0 1.0
0.0 3.6175462499809328 0.6408452544172407 0.0 0.0 0.0 0.0 1.0
0.0 3.622812973496025 0.6493456204381802 0.0 0.0 0.0 0.0 1.0
0.0 3.6281144870494018 0.6578249293306841 0.0 0.0 0.0 0.0 1.0
0.0 3.6333989107594107 0.6663146141995187 0.0 0.0 0.0 0.0 1.0
0.0 3.6385984956041284 0.6748564841257805 0.0 0.0 0.0 0.0 1.0
0.0 3.6438475189243036 0.6833681416503739 0.0 0.0 0.0 0.0 1.0
0.0 3.6491197356033354 0.6918651507377946 0.0 0.0 0.0 0.0 1.0
0.0 3.654388290173074 0.7003649064071853 0.0 0.0 0.0 0.0 1.0
0.0 3.6596568447428126 0.708864662076576 0.0 0.0 0.0 0.0 1.0
0.0 3.664965072163227 0.7173393933324634 0.0 0.0 0.0 0.0 1.0
0.0 3.67025804079492 0.7258235850373582 0.0 0.0 0.0 0.0 1.0
0.0 3.6748411705752915 0.7347112191160479 0.0 0.0 0.0 0.0 1.0
0.0 3.680160994675134 0.7431789313291235 0.0 0.0 0.0 0.0 1.0
0.0 3.684391341260266 0.7522402104234631 0.0 0.0 0.0 0.0 1.0
0.0 3.689166121426979 0.7610265261450424 0.0 0.0 0.0 0.0 1.0
0.0 3.6944120929894098 0.7695400147242824 0.0 0.0 0.0 0.0 1.0
0.0 3.700989241279899 0.7770726683645082 0.0 0.0 0.0 0.0 1.0
0.0 3.707336897388018 0.7848000241488196 0.0 0.0 0.0 0.0 1.0
0.0 3.714300398208934 0.7919768428360614 0.0 0.0 0.0 0.0 1.0
0.0 3.7213090650444656 0.7991097162117855 0.0 0.0 0.0 0.0 1.0
0.0 3.7277818432201 0.8067323967054678 0.0 0.0 0.0 0.0 1.0
0.0 3.7333763255169288 0.8150209707389537 0.0 0.0 0.0 0.0 1.0
0.0 3.739178937691918 0.8231655018069093 0.0 0.0 0.0 0.0 1.0
0.0 3.7453263984920113 0.8310524645212469 0.0 0.0 0.0 0.0 1.0
0.0 3.751348737224589 0.8390355576045296 0.0 0.0 0.0 0.0 1.0
0.0 3.7572514470535907 0.8471074568381711 0.0 0.0 0.0 0.0 1.0
0.0 3.7627238590406478 0.8554775128034295 0.0 0.0 0.0 0.0 1.0
0.0 3.76835374172731 0.8637419779507356 0.0 0.0 0.0 0.0 1.0
0.0 3.774174054097216 0.8718736916361651 0.0 0.0 0.0 0.0 1.0
0.0 3.7797825744796683 0.8801531103964182 0.0 0.0 0.0 0.0 1.0
0.0 3.7819383361502332 0.8899178196508162 0.0 0.0 0.0 0.0 1.0
0.0 3.783367169126109 0.8998152803670907 0.0 0.0 0.0 0.0 1.0
0.0 3.7847654845245415 0.9097170135442072 0.0 0.0 0.0 0.0 1.0
0.0 3.786036846800812 0.9196358365646917 0.0 0.0 0.0 0.0 1.0
0.0 3.7873851133722383 0.9295445887846201 0.0 0.0 0.0 0.0 1.0
0.0 3.789006207086004 0.939412447450775 0.0 0.0 0.0 0.0 1.0
0.0 3.7906785703298738 0.9492714560194715 0.0 0.0 0.0 0.0 1.0
0.0 3.7923722958779535 0.9591271076546493 0.0 0.0 0.0 0.0 1.0
0.0 3.794306499936283 0.9689382036267604 0.0 0.0 0.0 0.0 1.0
0.0 3.7960606502877 0.9787831741098332 0.0 0.0 0.0 0.0 1.0
0.0 3.803106548567712 0.985878816041077 0.0 0.0 0.0 0.0 1.0
0.0 3.805552227223984 0.9955751659220029 0.0 0.0 0.0 0.0 1.0
0.0 3.808681499614977 1.0050731515495501 0.0 0.0 0.0 0.0 1.0
0.0 3.812470562030285 1.0143273017333287 0.0 0.0 0.0 0.0 1.0
0.0 3.8167057914278075 1.023386139421473 0.0 0.0 0.0 0.0 1.0
0.0 3.820817119460912 1.0325020449794353 0.0 0.0 0.0 0.0 1.0
0.0 3.8246977346085487 1.0417183533671848 0.0 0.0 0.0 0.0 1.0
0.0 3.8259849660250893 1.0516350401572483 0.0 0.0 0.0 0.0 1.0
0.0 3.8280583302365585 1.0614177547823376 0.0 0.0 0.0 0.0 1.0
0.0 3.8308360401354093 1.0710243829855814 0.0 0.0 0.0 0.0 1.0
0.0 3.8343205371278373 1.0803975517213873 0.0 0.0 0.0 0.0 1.0
0.0 3.838401957935048 1.08952657983765 0.0 0.0 0.0 0.0 1.0
0.0 3.840745707882661 1.0992482593078536 0.0 0.0 0.0 0.0 1.0
0.0 3.8433445847776966 1.1089046311623294 0.0 0.0 0.0 0.0 1.0
0.0 3.8463621628352485 1.1184383223554848 0.0 0.0 0.0 0.0 1.0
0.0 3.8496800338548383 1.1278719158946275 0.0 0.0 0.0 0.0 1.0
0.0 3.852792216402463 1.1373753946861145 0.0 0.0 0.0 0.0 1.0
0.0 3.860762797278994 1.1434142129105114 0.0 0.0 0.0 0.0 1.0
0.0 3.8632945355036554 1.1530885901356784 0.0 0.0 0.0 0.0 1.0
0.0 3.8664445598473094 1.1625795567204138 0.0 0.0 0.0 0.0 1.0
0.0 3.8703300578073367 1.1717937288777422 0.0 0.0 0.0 0.0 1.0
0.0 3.8746550088825416 1.1808098419574664 0.0 0.0 0.0 0.0 1.0
0.0 3.879376688464504 1.1896251493776164 0.0 0.0 0.0 0.0 1.0
0.0 3.8837913612173907 1.1985979274973717 0.0 0.0 0.0 0.0 1.0
0.0 3.888251810336442 1.2075481226098193 0.0 0.0 0.0 0.0 1.0
0.0 3.8920066930650137 1.2168163108792216 0.0 0.0 0.0 0.0 1.0
0.0 3.9012565707879503 1.22061574927086 0.0 0.0 0.0 0.0 1.0
0.0 3.9034495639029956 1.2303725239551229 0.0 0.0 0.0 0.0 1.0
0.0 3.9066172884415664 1.239857692200144 0.0 0.0 0.0 0.0 1.0
0.0 3.9109550568992972 1.2488677017643797 0.0 0.0 0.0 0.0 1.0
0.0 3.9161448761192332 1.2574153700303556 0.0 0.0 0.0 0.0 1.0
0.0 3.9210508818689505 1.2661293590933953 0.0 0.0 0.0 0.0 1.0
0.0 3.9254820341136565 1.275093897467241 0.0 0.0 0.0 0.0 1.0
0.0 3.9300621121362838 1.2839836677763516 0.0 0.0 0.0 0.0 1.0
0.0 3.933849953848494 1.2932384283116791 0.0 0.0 0.0 0.0 1.0
0.0 3.9389335718989287 1.3018498783145107 0.0 0.0 0.0 0.0 1.0
0.0 3.9408195581848986 1.3116704347356292 0.0 0.0 0.0 0.0 1.0
0.0 3.9433958520726264 1.3213329101055935 0.0 0.0 0.0 0.0 1.0
0.0 3.947456520927176 1.3304713986708636 0.0 0.0 0.0 0.0 1.0
0.0 3.9521769798060404 1.339287011266788 0.0 0.0 0.0 0.0 1.0
0.0 3.9574467550788768 1.3477858514088554 0.0 0.0 0.0 0.0 1.0
0.0 3.9613353047966484 1.3569988028630862 0.0 0.0 0.0 0.0 1.0
0.0 3.9651066670170394 1.3662605824412255 0.0 0.0 0.0 0.0 1.0
0.0 3.9671794208769597 1.3760432970663148 0.0 0.0 0.0 0.0 1.0
0.0 3.9701420672951144 1.3855943832786126 0.0 0.0 0.0 0.0 1.0
0.0 3.9741868670093936 1.3947398908866946 0.0 0.0 0.0 0.0 1.0
0.0 3.978705909877135 1.4036604839490225 0.0 0.0 0.0 0.0 1.0
0.0 3.9820176773812364 1.4130962137185863 0.0 0.0 0.0 0.0 1.0
0.0 3.9859294204578646 1.4222993995480353 0.0 0.0 0.0 0.0 1.0
0.0 3.990034034623932 1.4314180516879675 0.0 0.0 0.0 0.0 1.0
0.0 3.994609229834168 1.4403102634032736 0.0 0.0 0.0 0.0 1.0
0.0 3.9995158459354343 1.44902333693899 0.0 0.0 0.0 0.0 1.0
0.0 4.003304297999193 1.4582780974743175 0.0 0.0 0.0 0.0 1.0
0.0 4.007274634824512 1.467455953714489 0.0 0.0 0.0 0.0 1.0
0.0 4.011412818325766 1.4765596522414741 0.0 0.0 0.0 0.0 1.0
0.0 4.01557785729517 1.4856511437374822 0.0 0.0 0.0 0.0 1.0
0.0 4.021700293681761 1.4935579428771577 0.0 0.0 0.0 0.0 1.0
0.0 4.0275041265598475 1.5017012532420155 0.0 0.0 0.0 0.0 1.0
0.0 4.031788184081279 1.5107368975713031 0.0 0.0 0.0 0.0 1.0
0.0 4.036634985730757 1.519483845617981 0.0 0.0 0.0 0.0 1.0
0.0 4.042850805904322 1.5273177077475681 0.0 0.0 0.0 0.0 1.0
0.0 4.048624731556515 1.535482380416636 0.0 0.0 0.0 0.0 1.0
0.0 4.054393164044768 1.543650715194997 0.0 0.0 0.0 0.0 1.0
0.0 4.060456396331119 1.551602680349288 0.0 0.0 0.0 0.0 1.0
0.0 4.0662901364351 1.5597246284099358 0.0 0.0 0.0 0.0 1.0
0.0 4.071970067948769 1.5679552190462802 0.0 0.0 0.0 0.0 1.0
0.0 4.07709274849833 1.5765434756902552 0.0 0.0 0.0 0.0 1.0
0.0 4.083423314763081 1.584284564384416 0.0 0.0 0.0 0.0 1.0
0.0 4.088599706248942 1.5928407775720759 0.0 0.0 0.0 0.0 1.0
0.0 4.094090428782465 1.6011983213305827 0.0 0.0 0.0 0.0 1.0
0.0 4.099850316349034 1.6093730648002067 0.0 0.0 0.0 0.0 1.0
0.0 4.106102147263982 1.6171773248796741 0.0 0.0 0.0 0.0 1.0
0.0 4.112382054350178 1.6249599174791571 0.0 0.0 0.0 0.0 1.0
0.0 4.118715672372673 1.632698259591348 0.0 0.0 0.0 0.0 1.0
0.0 4.124853367547985 1.6405934620515952 0.0 0.0 0.0 0.0 1.0
0.0 4.130998997293432 1.6484822558205794 0.0 0.0 0.0 0.0 1.0
0.0 4.137164158288442 1.6563554856250677 0.0 0.0 0.0 0.0 1.0
0.0 4.144156345632155 1.6635045333168366 0.0 0.0 0.0 0.0 1.0
0.0 4.1493467752036395 1.672051896407038 0.0 0.0 0.0 0.0 1.0
0.0 4.155172580737485 1.6801796428074 0.0 0.0 0.0 0.0 1.0
0.0 4.16265488037493 1.6868138589677075 0.0 0.0 0.0 0.0 1.0
0.0 4.168860934923714 1.6946553504916553 0.0 0.0 0.0 0.0 1.0
0.0 4.175242770718569 1.7023540197531704 0.0 0.0 0.0 0.0 1.0
0.0 4.182249606499454 1.7094890293593155 0.0 0.0 0.0 0.0 1.0
0.0 4.1889793426771575 1.7168852694283716 0.0 0.0 0.0 0.0 1.0
0.0 4.195755465572574 1.724239700416331 0.0 0.0 0.0 0.0 1.0
0.0 4.201539156849549 1.732397354042587 0.0 0.0 0.0 0.0 1.0
0.0 4.207654269017553 1.7403096463462022 0.0 0.0 0.0 0.0 1.0
0.0 4.214089815748707 1.7479637599446507 0.0 0.0 0.0 0.0 1.0
0.0 4.220132906433946 1.7559312890634375 0.0 0.0 0.0 0.0 1.0
0.0 4.226811373081546 1.7633745262017557 0.0 0.0 0.0 0.0 1.0
0.0 4.232889864156618 1.7713148946766184 0.0 0.0 0.0 0.0 1.0
0.0 4.2395878620537815 1.7787401264442453 0.0 0.0 0.0 0.0 1.0
0.0 4.246248628506464 1.7861992327228338 0.0 0.0 0.0 0.0 1.0
0.0 4.25232528852689 1.7941411270765686 0.0 0.0 0.0 0.0 1.0
0.0 4.258755342094105 1.8017998183116335 0.0 0.0 0.0 0.0 1.0
0.0 4.263746797060662 1.8104649792507646 0.0 0.0 0.0 0.0 1.0
0.0 4.268715058668363 1.8191435679239705 0.0 0.0 0.0 0.0 1.0
0.0 4.273721772423642 1.8277995735898687 0.0 0.0 0.0 0.0 1.0
0.0 4.278513032082174 1.8365770392139895 0.0 0.0 0.0 0.0 1.0
0.0 4.284653168663681 1.8444704106195902 0.0 0.0 0.0 0.0 1.0
0.0 4.289751435151288 1.8530730105249633 0.0 0.0 0.0 0.0 1.0
0.0 4.2951927192093535 1.861463208091334 0.0 0.0 0.0 0.0 1.0
0.0 4.301738129219302 1.8690236327270329 0.0 0.0 0.0 0.0 1.0
0.0 4.3079679874784915 1.8768455930014172 0.0 0.0 0.0 0.0 1.0
0.0 4.314274750032837 1.8846062129451413 0.0 0.0 0.0 0.0 1.0
0.0 4.320809784066455 1.8921754876782986 0.0 0.0 0.0 0.0 1.0
0.0 4.327228240954241 1.8998439445381452 0.0 0.0 0.0 0.0 1.0
0.0 4.333594817960375 1.9075551260064119 0.0 0.0 0.0 0.0 1.0
0.0 4.339598235794938 1.9155528675268672 0.0 0.0 0.0 0.0 1.0
0.0 4.346648406535792 1.9226448473488178 0.0 0.0 0.0 0.0 1.0
0.0 4.353527068491417 1.9299028427920577 0.0 0.0 0.0 0.0 1.0
0.0 4.360816497039423 1.9367485457640443 0.0 0.0 0.0 0.0 1.0
0.0 4.368158415820631 1.943538096393536 0.0 0.0 0.0 0.0 1.0
0.0 4.375194548475861 1.950643809125336 0.0 0.0 0.0 0.0 1.0
0.0 4.381154020998906 1.9586738992778807 0.0 0.0 0.0 0.0 1.0
0.0 4.387289885119571 1.9665703224412256 0.0 0.0 0.0 0.0 1.0
0.0 4.392803801011951 1.9749129125867855 0.0 0.0 0.0 0.0 1.0
0.0 4.399761198317378 1.9820955296137415 0.0 0.0 0.0 0.0 1.0
0.0 4.402447965835449 1.9917277925820374 0.0 0.0 0.0 0.0 1.0
0.0 4.406133878839 2.0010237518469127 0.0 0.0 0.0 0.0 1.0
0.0 4.411152189273707 2.0096736539973223 0.0 0.0 0.0 0.0 1.0
0.0 4.417289884449019 2.017568551281795 0.0 0.0 0.0 0.0 1.0
0.0 4.421481778886573 2.0266475305710516 0.0 0.0 0.0 0.0 1.0
0.0 4.424971769042941 2.0360185630764365 0.0 0.0 0.0 0.0 1.0
0.0 4.429303433985183 2.0450316243984163 0.0 0.0 0.0 0.0 1.0
0.0 4.434221646765877 2.053738594418644 0.0 0.0 0.0 0.0 1.0
0.0 4.439599454262861 2.0621696855387883 0.0 0.0 0.0 0.0 1.0
0.0 4.443321378007795 2.0714513015422655 0.0 0.0 0.0 0.0 1.0
0.0 4.4470854160096 2.0807158277023747 0.0 0.0 0.0 0.0 1.0
0.0 4.45106002529576 2.0898918528878996 0.0 0.0 0.0 0.0 1.0
0.0 4.454774624822107 2.099176520649121 0.0 0.0 0.0 0.0 1.0
0.0 4.463648525990948 2.1037871162491912 0.0 0.0 0.0 0.0 1.0
0.0 4.466264492729351 2.113438605291276 0.0 0.0 0.0 0.0 1.0
0.0 4.469854580539732 2.1227721011764062 0.0 0.0 0.0 0.0 1.0
0.0 4.474853970076424 2.1314329896546953 0.0 0.0 0.0 0.0 1.0
0.0 4.482546840998225 2.125043829641254 0.0 0.0 0.0 0.0 1.0
0.0 4.4904814111333735 2.131129644934913 0.0 0.0 0.0 0.0 1.0
0.0 4.498486171696641 2.1371239074962434 0.0 0.0 0.0 0.0 1.0
0.0 4.506708217411301 2.1428154356893403 0.0 0.0 0.0 0.0 1.0
0.0 4.514932094180608 2.1485051328277907 0.0 0.0 0.0 0.0 1.0
0.0 4.5228288225197275 2.154640386596907 0.0 0.0 0.0 0.0 1.0
0.0 4.530854335035656 2.160605352283892 0.0 0.0 0.0 0.0 1.0
0.0 4.538992152236574 2.166417119732114 0.0 0.0 0.0 0.0 1.0
0.0 4.547122645218906 2.1722392631566665 0.0 0.0 0.0 0.0 1.0
0.0 4.555372156753265 2.1778917288506365 0.0 0.0 0.0 0.0 1.0
0.0 4.562369837260917 2.1850352833784656 0.0 0.0 0.0 0.0 1.0
0.0 4.570279993334111 2.191153447304214 0.0 0.0 0.0 0.0 1.0
0.0 4.578557581039718 2.196763798741313 0.0 0.0 0.0 0.0 1.0
0.0 4.586172937314814 2.2032451218386315 0.0 0.0 0.0 0.0 1.0
0.0 4.594332116819942 2.2090269820609594 0.0 0.0 0.0 0.0 1.0
0.0 4.601269982875806 2.21622851998593 0.0 0.0 0.0 0.0 1.0
0.0 4.608796838176318 2.222811771791908 0.0 0.0 0.0 0.0 1.0
0.0 4.616855920027433 2.228732792167375 0.0 0.0 0.0 0.0 1.0
0.0 4.62371199897575 2.2360124550905995 0.0 0.0 0.0 0.0 1.0
0.0 4.631263878689765 2.24256763072533 0.0 0.0 0.0 0.0 1.0
0.0 4.639387047453511 2.248400150126213 0.0 0.0 0.0 0.0 1.0
0.0 4.647762901758483 2.253863406840037 0.0 0.0 0.0 0.0 1.0
0.0 4.6561827013749735 2.2592583041803893 0.0 0.0 0.0 0.0 1.0
0.0 4.663401939494861 2.2661778596897877 0.0 0.0 0.0 0.0 1.0
0.0 4.671368858262099 2.2722215607265754 0.0 0.0 0.0 0.0 1.0
0.0 4.679675742842051 2.2777891875552543 0.0 0.0 0.0 0.0 1.0
0.0 4.6873686137638515 2.2841777372171466 0.0 0.0 0.0 0.0 1.0
0.0 4.695593711236256 2.2898656033009503 0.0 0.0 0.0 0.0 1.0
0.0 4.702564536275759 2.297036013296929 0.0 0.0 0.0 0.0 1.0
0.0 4.710162192355938 2.30353747799536 0.0 0.0 0.0 0.0 1.0
0.0 4.717719565233892 2.310086550114602 0.0 0.0 0.0 0.0 1.0
0.0 4.724256430322157 2.3176536886173382 0.0 0.0 0.0 0.0 1.0
0.0 4.731603231915756 2.32443774608289 0.0 0.0 0.0 0.0 1.0
0.0 4.739426107717463 2.3306676043420795 0.0 0.0 0.0 0.0 1.0
0.0 4.746725301890251 2.3375029313377356 0.0 0.0 0.0 0.0 1.0
0.0 4.754736165969007 2.343488038625833 0.0 0.0 0.0 0.0 1.0
0.0 4.7614829919900785 2.3508690199061677 0.0 0.0 0.0 0.0 1.0
0.0 4.768968343385268 2.3574998791329564 0.0 0.0 0.0 0.0 1.0
0.0 4.777161702577132 2.3632335215829245 0.0 0.0 0.0 0.0 1.0
0.0 4.784206380154046 2.3703306893930405 0.0 0.0 0.0 0.0 1.0
0.0 4.792029255955754 2.376559326949132 0.0 0.0 0.0 0.0 1.0
0.0 4.800555867093294 2.381783936207353 0.0 0.0 0.0 0.0 1.0
0.0 4.809600666695815 2.3860502935338674 0.0 0.0 0.0 0.0 1.0
0.0 4.819058674296912 2.3892973637737898 0.0 0.0 0.0 0.0 1.0
0.0 4.827118366499576 2.3952165530946106 0.0 0.0 0.0 0.0 1.0
0.0 4.835896442475246 2.4000072024015937 0.0 0.0 0.0 0.0 1.0
0.0 4.845245807500646 2.403554565603554 0.0 0.0 0.0 0.0 1.0
0.0 4.854975421540985 2.4058653565675288 0.0 0.0 0.0 0.0 1.0
0.0 4.86273543113316 2.412172119121874 0.0 0.0 0.0 0.0 1.0
0.0 4.871327960237977 2.4172874754528495 0.0 0.0 0.0 0.0 1.0
0.0 4.8803044004670255 2.421695434338699 0.0 0.0 0.0 0.0 1.0
0.0 4.8898869197840895 2.4245549313450967 0.0 0.0 0.0 0.0 1.0
0.0 4.899806353156123 2.425821410808976 0.0 0.0 0.0 0.0 1.0
0.0 4.906152788561144 2.433549682120611 0.0 0.0 0.0 0.0 1.0
0.0 4.91382673858493 2.4399614251413597 0.0 0.0 0.0 0.0 1.0
0.0 4.921161333147552 2.4467589103409866 0.0 0.0 0.0 0.0 1.0
0.0 4.929214311483179 2.452687865286589 0.0 0.0 0.0 0.0 1.0
0.0 4.937828202892206 2.457766600524633 0.0 0.0 0.0 0.0 1.0
0.0 4.947798295442794 2.456991454057584 0.0 0.0 0.0 0.0 1.0
0.0 4.957627396785597 2.4551512441377783 0.0 0.0 0.0 0.0 1.0
0.0 4.967160477627203 2.45213183502558 0.0 0.0 0.0 0.0 1.0
0.0 4.975926346571896 2.447319213062838 0.0 0.0 0.0 0.0 1.0
0.0 4.985340408861475 2.4506926260733737 0.0 0.0 0.0 0.0 1.0
0.0 4.994747757284017 2.454084959981924 0.0 0.0 0.0 0.0 1.0
0.0 5.004162429925145 2.4574553212347157 0.0 0.0 0.0 0.0 1.0
0.0 5.013574661160078 2.4608323963545446 0.0 0.0 0.0 0.0 1.0
0.0 5.0220237576509135 2.4661815173287325 0.0 0.0 0.0 0.0 1.0
0.0 5.031013015262488 2.470563231097981 0.0 0.0 0.0 0.0 1.0
0.0 5.040428298255165 2.4739329819992237 0.0 0.0 0.0 0.0 1.0
0.0 5.050033400579537 2.4767155747104654 0.0 0.0 0.0 0.0 1.0
0.0 5.06002241402814 2.4771855454030858 0.0 0.0 0.0 0.0 1.0
0.0 5.070010817125194 2.4776579575019015 0.0 0.0 0.0 0.0 1.0
0.0 5.0800028823315415 2.4780613998756964 0.0 0.0 0.0 0.0 1.0
0.0 5.089994947537889 2.4784630111948447 0.0 0.0 0.0 0.0 1.0
0.0 5.099987012744236 2.4788579086469555 0.0 0.0 0.0 0.0 1.0
0.0 5.1099802986536815 2.4792137435999395 0.0 0.0 0.0 0.0 1.0
0.0 5.1199741949146755 2.479563475037435 0.0 0.0 0.0 0.0 1.0
0.0 5.129969311878767 2.479880857842841 0.0 0.0 0.0 0.0 1.0
0.0 5.139964428842859 2.480192137132758 0.0 0.0 0.0 0.0 1.0
0.0 5.149960766510048 2.480476560954526 0.0 0.0 0.0 0.0 1.0
0.0 5.159956493825689 2.4807554916123538 0.0 0.0 0.0 0.0 1.0
0.0 5.169953441844427 2.481012449614423 0.0 0.0 0.0 0.0 1.0
0.0 5.179950389863166 2.4812633041010033 0.0 0.0 0.0 0.0 1.0
0.0 5.189947337881904 2.481495237689569 0.0 0.0 0.0 0.0 1.0
0.0 5.199944896252191 2.4817216781141953 0.0 0.0 0.0 0.0 1.0
0.0 5.209943064974027 2.4819316390470023 0.0 0.0 0.0 0.0 1.0
0.0 5.219940623344314 2.4821361068158696 0.0 0.0 0.0 0.0 1.0
0.0 5.22993879206615 2.4823259261475643 0.0 0.0 0.0 0.0 1.0
0.0 5.239936960787986 2.482510862666868 0.0 0.0 0.0 0.0 1.0
0.0 5.249935739861371 2.4826817611005483 0.0 0.0 0.0 0.0 1.0
0.0 5.259934518934756 2.4828483870733864 0.0 0.0 0.0 0.0 1.0
0.0 5.269933298008141 2.4830028060152474 0.0 0.0 0.0 0.0 1.0
0.0 5.279932077081526 2.4831523421447175 0.0 0.0 0.0 0.0 1.0
0.0 5.2899308561549105 2.4832896712432104 0.0 0.0 0.0 0.0 1.0
0.0 5.299930245579844 2.4834221175293125 0.0 0.0 0.0 0.0 1.0
0.0 5.309929635004778 2.4835423567844375 0.0 0.0 0.0 0.0 1.0
0.0 5.319929024429712 2.4836571028756227 0.0 0.0 0.0 0.0 1.0
0.0 5.329928413854645 2.4837596419358308 0.0 0.0 0.0 0.0 1.0
0.0 5.339927803279579 2.4838542464259037 0.0 0.0 0.0 0.0 1.0
0.0 5.349927192704513 2.4839360335334506 0.0 0.0 0.0 0.0 1.0
0.0 5.3599271924809955 2.484008055016216 0.0 0.0 0.0 0.0 1.0
0.0 5.369927192257478 2.4840648177102596 0.0 0.0 0.0 0.0 1.0
0.0 5.379927192033961 2.4841075423186796 0.0 0.0 0.0 0.0 1.0
0.0 5.389927191810443 2.484131956380634 0.0 0.0 0.0 0.0 1.0
0.0 5.399927191586926 2.4841374495445736 0.0 0.0 0.0 0.0 1.0
0.0 5.409927191363408 2.4841173079434613 0.0 0.0 0.0 0.0 1.0
0.0 5.419926580788342 2.484070921225748 0.0 0.0 0.0 0.0 1.0
0.0 5.429926580564825 2.483989134118201 0.0 0.0 0.0 0.0 1.0
0.0 5.439925969989758 2.4838688948630763 0.0 0.0 0.0 0.0 1.0
0.0 5.449924138711594 2.483698606780945 0.0 0.0 0.0 0.0 1.0
0.0 5.459921697081882 2.48347155600477 0.0 0.0 0.0 0.0 1.0
0.0 5.469917424397522 2.4831730940973786 0.0 0.0 0.0 0.0 1.0
0.0 5.4799100999554184 2.482789793324696 0.0 0.0 0.0 0.0 1.0
0.0 5.489897892700924 2.482302122437159 0.0 0.0 0.0 0.0 1.0
0.0 5.499878971579392 2.481689329482106 0.0 0.0 0.0 0.0 1.0
0.0 5.509849674481529 2.4809227279367407 0.0 0.0 0.0 0.0 1.0
0.0 5.519804508243396 2.4799711898720718 0.0 0.0 0.0 0.0 1.0
0.0 5.529734927943309 2.4787938217343255 0.0 0.0 0.0 0.0 1.0
0.0 5.5396293369018395 2.4773442368057887 0.0 0.0 0.0 0.0 1.0
0.0 5.54947003492407 2.4755656723924178 0.0 0.0 0.0 0.0 1.0
0.0 5.5592313872449495 2.473395872636229 0.0 0.0 0.0 0.0 1.0
0.0 5.568878603826192 2.4707628160544575 0.0 0.0 0.0 0.0 1.0
0.0 5.578467226658745 2.467922850297623 0.0 0.0 0.0 0.0 1.0
0.0 5.588023500859208 2.4649779040743853 0.0 0.0 0.0 0.0 1.0
0.0 5.597546816076033 2.461927977384744 0.0 0.0 0.0 0.0 1.0
0.0 5.6070365619576705 2.458773070228699 0.0 0.0 0.0 0.0 1.0
0.0 5.616490297097926 2.4555137929577997 0.0 0.0 0.0 0.0 1.0
0.0 5.625907411145249 2.4521501455720456 0.0 0.0 0.0 0.0 1.0
0.0 5.635347718551429 2.4488505850989215 0.0 0.0 0.0 0.0 1.0
0.0 5.644900330642599 2.4458940421962554 0.0 0.0 0.0 0.0 1.0
0.0 5.654545716169196 2.4432530510443486 0.0 0.0 0.0 0.0 1.0
0.0 5.664264954233204 2.4409019768781492 0.0 0.0 0.0 0.0 1.0
0.0 5.674044617100549 2.438812133174861 0.0 0.0 0.0 0.0 1.0
0.0 5.683871887388705 2.4369615472787247 0.0 0.0 0.0 0.0 1.0
0.0 5.69373699947289 2.4353245844246887 0.0 0.0 0.0 0.0 1.0
0.0 5.703632018782969 2.4338811030116405 0.0 0.0 0.0 0.0 1.0
0.0 5.713550841803453 2.4326085200322725 0.0 0.0 0.0 0.0 1.0
0.0 5.7234879753704035 2.431491576697863 0.0 0.0 0.0 0.0 1.0
0.0 5.733439757374526 2.430511352110398 0.0 0.0 0.0 0.0 1.0
0.0 5.7433988635972355 2.4296037593572466 0.0 0.0 0.0 0.0 1.0
0.0 5.753357359468396 2.4286925044948022 0.0 0.0 0.0 0.0 1.0
0.0 5.763315244988007 2.427780639280809 0.0 0.0 0.0 0.0 1.0
0.0 5.7732737408591674 2.4268657223090715 0.0 0.0 0.0 0.0 1.0
0.0 5.783231626378779 2.425951415688883 0.0 0.0 0.0 0.0 1.0
0.0 5.79318951189839 2.42503405731095 0.0 0.0 0.0 0.0 1.0
0.0 5.803147397418002 2.4241179196361147 0.0 0.0 0.0 0.0 1.0
0.0 5.813105282937613 2.423199340555084 0.0 0.0 0.0 0.0 1.0
0.0 5.8230631684572245 2.4222825925287 0.0 0.0 0.0 0.0 1.0
0.0 5.833020443625287 2.4213640134476693 0.0 0.0 0.0 0.0 1.0
0.0 5.8429783291448985 2.420447265421285 0.0 0.0 0.0 0.0 1.0
0.0 5.85293621466451 2.419530517394901 0.0 0.0 0.0 0.0 1.0
0.0 5.86289471053567 2.4186149900716147 0.0 0.0 0.0 0.0 1.0
0.0 5.8728525960552815 2.4176994627483284 0.0 0.0 0.0 0.0 1.0
0.0 5.882810481574893 2.4167863768312374 0.0 0.0 0.0 0.0 1.0
0.0 5.892768977446053 2.415874511617244 0.0 0.0 0.0 0.0 1.0
0.0 5.9027274733172135 2.4149650878094464 0.0 0.0 0.0 0.0 1.0
0.0 5.912685969188374 2.4140562743531975 0.0 0.0 0.0 0.0 1.0
0.0 5.922645075411083 2.4131517333577905 0.0 0.0 0.0 0.0 1.0
0.0 5.932604181633792 2.4122478027139325 0.0 0.0 0.0 0.0 1.0
0.0 5.94256389820805 2.4113475341793675 0.0 0.0 0.0 0.0 1.0
0.0 5.952523004430759 2.410449096699449 0.0 0.0 0.0 0.0 1.0
0.0 5.962483331356566 2.409553710977275 0.0 0.0 0.0 0.0 1.0
0.0 5.972443047930824 2.4086564942004545 0.0 0.0 0.0 0.0 1.0
0.0 5.982402764505082 2.4077604981267315 0.0 0.0 0.0 0.0 1.0
0.0 5.99236248107934 2.4068638917014598 0.0 0.0 0.0 0.0 1.0
0.0 6.002322197653598 2.4059685059792857 0.0 0.0 0.0 0.0 1.0
0.0 6.012281914227856 2.4050725099055628 0.0 0.0 0.0 0.0 1.0
0.0 6.022241630802114 2.4041777345349375 0.0 0.0 0.0 0.0 1.0
0.0 6.032201957727921 2.4032829591643123 0.0 0.0 0.0 0.0 1.0
0.0 6.042161674302179 2.4023900148483337 0.0 0.0 0.0 0.0 1.0
0.0 6.0521220012279855 2.401497680883904 0.0 0.0 0.0 0.0 1.0
0.0 6.062082328153792 2.400606567622572 0.0 0.0 0.0 0.0 1.0
0.0 6.07204204472805 2.3997160647127886 0.0 0.0 0.0 0.0 1.0
0.0 6.082002982005406 2.398828003209201 0.0 0.0 0.0 0.0 1.0
0.0 6.091963308931213 2.397940552057162 0.0 0.0 0.0 0.0 1.0
0.0 6.1019242462085685 2.3970549319597696 0.0 0.0 0.0 0.0 1.0
0.0 6.111884573134375 2.396170532565475 0.0 0.0 0.0 0.0 1.0
0.0 6.121838186193145 2.3952073978213777 0.0 0.0 0.0 0.0 1.0
0.0 6.131796682064305 2.3942955326073845 0.0 0.0 0.0 0.0 1.0
0.0 6.141696584186775 2.392883179123328 0.0 0.0 0.0 0.0 1.0
0.0 6.151644093730056 2.3918608402789916 0.0 0.0 0.0 0.0 1.0
0.0 6.161633717530208 2.3914073490781904 0.0 0.0 0.0 0.0 1.0
0.0 6.171611134299383 2.3907384037806425 0.0 0.0 0.0 0.0 1.0
0.0 6.1815714612251895 2.3898466801677616 0.0 0.0 0.0 0.0 1.0
0.0 6.191356006904925 2.3919121098090956 0.0 0.0 0.0 0.0 1.0
0.0 6.201142383639308 2.393967163474099 0.0 0.0 0.0 0.0 1.0
0.0 6.210947070920156 2.3959361575707137 0.0 0.0 0.0 0.0 1.0
0.0 6.220787158590838 2.397716553038731 0.0 0.0 0.0 0.0 1.0
0.0 6.230643725753339 2.3994035647197736 0.0 0.0 0.0 0.0 1.0
0.0 6.240528369087087 2.400918457264038 0.0 0.0 0.0 0.0 1.0
0.0 6.250424609100264 2.4023533937554022 0.0 0.0 0.0 0.0 1.0
0.0 6.260340380363004 2.403649170093627 0.0 0.0 0.0 0.0 1.0
0.0 6.270264696547429 2.404879028464575 0.0 0.0 0.0 0.0 1.0
0.0 6.280201830114379 2.4059996339082774 0.0 0.0 0.0 0.0 1.0
0.0 6.290144456845269 2.4070653077125828 0.0 0.0 0.0 0.0 1.0
0.0 6.300085862873061 2.4081468506571584 0.0 0.0 0.0 0.0 1.0
0.0 6.310039475931831 2.409108764698158 0.0 0.0 0.0 0.0 1.0
0.0 6.319999802857637 2.40999987795949 0.0 0.0 0.0 0.0 1.0
0.0 6.339999802410603 2.389999878406525 0.0 0.0 0.0 0.0 1.0
0.0 6.359999801963568 2.3699998788535597 0.0 0.0 0.0 0.0 1.0
0.0 6.371742355412039 2.3508745130701074 0.0 0.0 0.0 0.0 1.0
0.0 6.381500045623625 2.3530638440758596 0.0 0.0 0.0 0.0 1.0
0.0 6.391254073725918 2.355268433870333 0.0 0.0 0.0 0.0 1.0
0.0 6.401027022726225 2.357385133041771 0.0 0.0 0.0 0.0 1.0
0.0 6.410819502976096 2.359413331238625 0.0 0.0 0.0 0.0 1.0
0.0 6.420652876779741 2.3612315685026717 0.0 0.0 0.0 0.0 1.0
0.0 6.4305027300752045 2.3629582530343898 0.0 0.0 0.0 0.0 1.0
0.0 6.440381880245013 2.3645061045622926 0.0 0.0 0.0 0.0 1.0
0.0 6.450273237445799 2.3659764414434905 0.0 0.0 0.0 0.0 1.0
0.0 6.460159101482645 2.367482178714522 0.0 0.0 0.0 0.0 1.0
0.0 6.47007243133919 2.368795044896115 0.0 0.0 0.0 0.0 1.0
0.0 6.479999799281359 2.3699998788535597 0.0 0.0 0.0 0.0 1.0
0.0 6.499999798834324 2.3499998793005945 0.0 0.0 0.0 0.0 1.0
0.0 6.519999798387289 2.3299998797476293 0.0 0.0 0.0 0.0 1.0
0.0 6.531637981720905 2.311456789341787 0.0 0.0 0.0 0.0 1.0
0.0 6.541407878963469 2.3135893576534956 0.0 0.0 0.0 0.0 1.0
0.0 6.551174724448288 2.3157359640508277 0.0 0.0 0.0 0.0 1.0
0.0 6.560962321885768 2.317787355606538 0.0 0.0 0.0 0.0 1.0
0.0 6.570767009166616 2.3197526875938594 0.0 0.0 0.0 0.0 1.0
0.0 6.58061136929814 2.321511110406118 0.0 0.0 0.0 0.0 1.0
0.0 6.590470988218385 2.32318225294689 0.0 0.0 0.0 0.0 1.0
0.0 6.600358072958329 2.324679445296238 0.0 0.0 0.0 0.0 1.0
0.0 6.6102561440261525 2.326102174756625 0.0 0.0 0.0 0.0 1.0
0.0 6.620149332281585 2.327559083903748 0.0 0.0 0.0 0.0 1.0
0.0 6.6300681553020695 2.328831666883116 0.0 0.0 0.0 0.0 1.0
0.0 6.63999979570508 2.3299998797476293 0.0 0.0 0.0 0.0 1.0
0.0 6.659999795258045 2.309999880194664 0.0 0.0 0.0 0.0 1.0
0.0 6.67999979481101 2.289999880641699 0.0 0.0 0.0 0.0 1.0
0.0 6.691627602168296 2.2750871612484618 0.0 0.0 0.0 0.0 1.0
0.0 6.701335853904425 2.277485232483923 0.0 0.0 0.0 0.0 1.0
0.0 6.711044715992102 2.2798802519616403 0.0 0.0 0.0 0.0 1.0
0.0 6.720798744094395 2.282085452107663 0.0 0.0 0.0 0.0 1.0
0.0 6.730572303446252 2.2842003202244543 0.0 0.0 0.0 0.0 1.0
0.0 6.740325721196996 2.2864097928313187 0.0 0.0 0.0 0.0 1.0
0.0 6.750146887969663 2.2882927273595444 0.0 0.0 0.0 0.0 1.0
0.0 6.759999793022871 2.289999880641699 0.0 0.0 0.0 0.0 1.0
0.0 6.779999792575836 2.269999881088734 0.0 0.0 0.0 0.0 1.0
0.0 6.799999792128801 2.2499998815357687 0.0 0.0 0.0 0.0 1.0
0.0 6.811572057495141 2.240476566318944 0.0 0.0 0.0 0.0 1.0
0.0 6.820889684240001 2.2441069373315488 0.0 0.0 0.0 0.0 1.0
0.0 6.830402623480495 2.2471904333563772 0.0 0.0 0.0 0.0 1.0
0.0 6.839999791234732 2.2499998815357687 0.0 0.0 0.0 0.0 1.0
0.0 6.859999790787697 2.2299998819828035 0.0 0.0 0.0 0.0 1.0
0.0 6.879999790340662 2.2099998824298384 0.0 0.0 0.0 0.0 1.0
0.0 6.899999789893627 2.2099998824298384 0.0 0.0 0.0 0.0 1.0
0.0 6.9 2.2 0.0 0.0 0.0 0.0 1.0
