0.0 0.019999943673610687 0.029999931156635462 0.0 0.0 0.0 0.0 1.0
0.0 0.03939432190222192 0.026720512284623688 0.0 0.0 0.0 0.0 1.0
0.0 0.04926523232612112 0.0251189498204214 0.0 0.0 0.0 0.0 1.0
0.0 0.05902765276221089 0.022952201821976992 0.0 0.0 0.0 0.0 1.0
0.0 0.06865320186346935 0.020241325417726053 0.0 0.0 0.0 0.0 1.0
0.0 0.07804742772771078 0.016813896295116315 0.0 0.0 0.0 0.0 1.0
0.0 0.0871850007656576 0.012751396385920266 0.0 0.0 0.0 0.0 1.0
0.0 0.09609765925785041 0.00821648437790845 0.0 0.0 0.0 0.0 1.0
0.0 0.10502435583566694 0.003709343365369655 0.0 0.0 0.0 0.0 1.0
0.0 0.11390497087154472 -0.0008881296764000624 0.0 0.0 0.0 0.0 1.0
0.0 0.12277978756770835 -0.005496283870274787 0.0 0.0 0.0 0.0 1.0
0.0 0.13160211403067024 -0.010204840893936584 0.0 0.0 0.0 0.0 1.0
0.0 0.1404168110992714 -0.014926825651673248 0.0 0.0 0.0 0.0 1.0
0.0 0.14920099059042968 -0.019706183455002524 0.0 0.0 0.0 0.0 1.0
0.0 0.15797540445680625 -0.02450293627747424 0.0 0.0 0.0 0.0 1.0
0.0 0.16683954000086487 -0.029131842424010124 0.0 0.0 0.0 0.0 1.0
0.0 0.17567376831902948 -0.03381720608881533 0.0 0.0 0.0 0.0 1.0
0.0 0.184602601127267 -0.03832068499206098 0.0 0.0 0.0 0.0 1.0
0.0 0.19352868735353468 -0.042828741531923065 0.0 0.0 0.0 0.0 1.0
0.0 0.20254174867551455 -0.047160406474165306 0.0 0.0 0.0 0.0 1.0
0.0 0.2115969242543656 -0.05140387561759763 0.0 0.0 0.0 0.0 1.0
0.0 0.22068383811375725 -0.055578069860234613 0.0 0.0 0.0 0.0 1.0
0.0 0.22975213625090873 -0.05979315765664506 0.0 0.0 0.0 0.0 1.0
0.0 0.23880090313849678 -0.06405005453415225 0.0 0.0 0.0 0.0 1.0
0.0 0.24784265098327296 -0.06832159984883202 0.0 0.0 0.0 0.0 1.0
0.0 0.25687066591819985 -0.07262213686208252 0.0 0.0 0.0 0.0 1.0
0.0 0.26590722577481074 -0.07690466850464173 0.0 0.0 0.0 0.0 1.0
0.0 0.27493249412776777 -0.08121100385760638 0.0 0.0 0.0 0.0 1.0
0.0 0.28395745730495037 -0.08551794956211989 0.0 0.0 0.0 0.0 1.0
0.0 0.2929650254629905 -0.08986121118379042 0.0 0.0 0.0 0.0 1.0
0.0 0.3019793074880681 -0.09419043471983723 0.0 0.0 0.0 0.0 1.0
0.0 0.31098565494301056 -0.09853644292347763 0.0 0.0 0.0 0.0 1.0
0.0 0.31998406782781785 -0.10289862544316275 0.0 0.0 0.0 0.0 1.0
0.0 0.3289800393064297 -0.10726599595101316 0.0 0.0 0.0 0.0 1.0
0.0 0.3379674658633576 -0.11165076147800601 0.0 0.0 0.0 0.0 1.0
0.0 0.3469579441780297 -0.11602942348951029 0.0 0.0 0.0 0.0 1.0
0.0 0.35594201380143886 -0.12042090288354057 0.0 0.0 0.0 0.0 1.0
0.0 0.36490960393302885 -0.12484595161275802 0.0 0.0 0.0 0.0 1.0
0.0 0.37387933029503984 -0.12926672788113347 0.0 0.0 0.0 0.0 1.0
0.0 0.3827694057799249 -0.1338452800248886 0.0 0.0 0.0 0.0 1.0
0.0 0.39171014044336516 -0.13832465004195438 0.0 0.0 0.0 0.0 1.0
0.0 0.4006939048909999 -0.14271735013908238 0.0 0.0 0.0 0.0 1.0
0.0 0.4096840780298976 -0.14709631732636108 0.0 0.0 0.0 0.0 1.0
0.0 0.4186785236296373 -0.15146673959195578 0.0 0.0 0.0 0.0 1.0
0.0 0.4276726640536026 -0.15583777220909933 0.0 0.0 0.0 0.0 1.0
0.0 0.4366784011569962 -0.1601843907642886 0.0 0.0 0.0 0.0 1.0
0.0 0.445773249586523 -0.16434210551510642 0.0 0.0 0.0 0.0 1.0
0.0 0.45485497545774933 -0.16852820161294613 0.0 0.0 0.0 0.0 1.0
0.0 0.4640133004483573 -0.1725433992771057 0.0 0.0 0.0 0.0 1.0
0.0 0.47315972358376257 -0.1765860627609639 0.0 0.0 0.0 0.0 1.0
0.0 0.482348260976039 -0.18053198552432814 0.0 0.0 0.0 0.0 1.0
0.0 0.4915810488556076 -0.18437323299706332 0.0 0.0 0.0 0.0 1.0
0.0 0.5009035584128583 -0.1879920073302399 0.0 0.0 0.0 0.0 1.0
0.0 0.5102694029300778 -0.19149603557223127 0.0 0.0 0.0 0.0 1.0
0.0 0.5196358577988462 -0.1949985379353505 0.0 0.0 0.0 0.0 1.0
0.0 0.529009636886201 -0.1984818142246807 0.0 0.0 0.0 0.0 1.0
0.0 0.5383742607003228 -0.2019895045759652 0.0 0.0 0.0 0.0 1.0
0.0 0.5477358327567003 -0.2055054346731593 0.0 0.0 0.0 0.0 1.0
0.0 0.5570824512001309 -0.2090607324452547 0.0 0.0 0.0 0.0 1.0
0.0 0.5664321214013057 -0.21260779047144052 0.0 0.0 0.0 0.0 1.0
0.0 0.5757793501962851 -0.21616247789198706 0.0 0.0 0.0 0.0 1.0
0.0 0.5851281048701367 -0.21971167214859388 0.0 0.0 0.0 0.0 1.0
0.0 0.5944701456769508 -0.22327917695166644 0.0 0.0 0.0 0.0 1.0
0.0 0.6038100502533439 -0.2268521749186787 0.0 0.0 0.0 0.0 1.0
0.0 0.613141409908053 -0.2304477558929987 0.0 0.0 0.0 0.0 1.0
0.0 0.6224770420236041 -0.2340317401878904 0.0 0.0 0.0 0.0 1.0
0.0 0.6318084016783132 -0.23762640563488713 0.0 0.0 0.0 0.0 1.0
0.0 0.6411504424851273 -0.2411942156137341 0.0 0.0 0.0 0.0 1.0
0.0 0.6504802762609643 -0.24479345869734725 0.0 0.0 0.0 0.0 1.0
0.0 0.6598003444120195 -0.24841742101868913 0.0 0.0 0.0 0.0 1.0
0.0 0.6691207177388492 -0.252041383340031 0.0 0.0 0.0 0.0 1.0
0.0 0.6784352927259647 -0.25567999409854547 0.0 0.0 0.0 0.0 1.0
0.0 0.6877492573615314 -0.2593201307359321 0.0 0.0 0.0 0.0 1.0
0.0 0.6970565081300606 -0.2629773572166867 0.0 0.0 0.0 0.0 1.0
0.0 0.7063616226681688 -0.26663946650983217 0.0 0.0 0.0 0.0 1.0
0.0 0.7156609388665629 -0.2703171397674735 0.0 0.0 0.0 0.0 1.0
0.0 0.7249800914902949 -0.27394384867078525 0.0 0.0 0.0 0.0 1.0
0.0 0.7342894784892451 -0.27759558198760015 0.0 0.0 0.0 0.0 1.0
0.0 0.7435646858014593 -0.2813336800485784 0.0 0.0 0.0 0.0 1.0
0.0 0.752781909716532 -0.28521185379001945 0.0 0.0 0.0 0.0 1.0
0.0 0.76189751009872 -0.28932348699889854 0.0 0.0 0.0 0.0 1.0
0.0 0.7709951051102166 -0.2934750982342278 0.0 0.0 0.0 0.0 1.0
0.0 0.7800334960214741 -0.29775396776749385 0.0 0.0 0.0 0.0 1.0
0.0 0.7891222409355123 -0.30192419472506327 0.0 0.0 0.0 0.0 1.0
0.0 0.7982506587002263 -0.30600714141114604 0.0 0.0 0.0 0.0 1.0
0.0 0.8074822258766972 -0.30985205099317437 0.0 0.0 0.0 0.0 1.0
0.0 0.8167314932480849 -0.31365332043945937 0.0 0.0 0.0 0.0 1.0
0.0 0.826090623898267 -0.31717535405214203 0.0 0.0 0.0 0.0 1.0
0.0 0.8355025499574253 -0.32055395505084316 0.0 0.0 0.0 0.0 1.0
0.0 0.8448830429118175 -0.3240195311452565 0.0 0.0 0.0 0.0 1.0
0.0 0.854332810767005 -0.3272907102713587 0.0 0.0 0.0 0.0 1.0
0.0 0.8637834941495157 -0.3305588376397166 0.0 0.0 0.0 0.0 1.0
0.0 0.8732213601495005 -0.3338648068041037 0.0 0.0 0.0 0.0 1.0
0.0 0.8826567847432898 -0.33717718465975377 0.0 0.0 0.0 0.0 1.0
0.0 0.8921260838480407 -0.3403916010918122 0.0 0.0 0.0 0.0 1.0
0.0 0.9016408541431815 -0.34346929877692656 0.0 0.0 0.0 0.0 1.0
0.0 0.9112117767808172 -0.34636602722780463 0.0 0.0 0.0 0.0 1.0
0.0 0.9208458708037597 -0.34904699640616155 0.0 0.0 0.0 0.0 1.0
0.0 0.9304970546700702 -0.3516647941992117 0.0 0.0 0.0 0.0 1.0
0.0 0.9401354211538546 -0.3543295890615239 0.0 0.0 0.0 0.0 1.0
0.0 0.9497475425210382 -0.35708837806236016 0.0 0.0 0.0 0.0 1.0
0.0 0.9593218220921926 -0.3599750357126821 0.0 0.0 0.0 0.0 1.0
0.0 0.9688439166059197 -0.3630292348631654 0.0 0.0 0.0 0.0 1.0
0.0 0.9782973465704004 -0.36629034318871145 0.0 0.0 0.0 0.0 1.0
0.0 0.9876628859118455 -0.3697949817822517 0.0 0.0 0.0 0.0 1.0
0.0 0.9970186596285089 -0.3733261706681672 0.0 0.0 0.0 0.0 1.0
0.0 1.0063967111767056 -0.37679846062961797 0.0 0.0 0.0 0.0 1.0
0.0 1.0157613349908274 -0.38030584580512805 0.0 0.0 0.0 0.0 1.0
0.0 1.0251198552894607 -0.3838297104724573 0.0 0.0 0.0 0.0 1.0
0.0 1.0344835635762593 -0.3873395370541628 0.0 0.0 0.0 0.0 1.0
0.0 1.0438713807492377 -0.39078497154746383 0.0 0.0 0.0 0.0 1.0
0.0 1.0533269469441393 -0.3940399763575213 0.0 0.0 0.0 0.0 1.0
0.0 1.0628536190944828 -0.3970792218950576 0.0 0.0 0.0 0.0 1.0
0.0 1.0724492609698473 -0.39989477358993764 0.0 0.0 0.0 0.0 1.0
0.0 1.0821108208124883 -0.40247381405963534 0.0 0.0 0.0 0.0 1.0
0.0 1.0918334158100151 -0.40481359672218087 0.0 0.0 0.0 0.0 1.0
0.0 1.1016197925443976 -0.40686865038718434 0.0 0.0 0.0 0.0 1.0
0.0 1.1114452317779069 -0.4087296122596511 0.0 0.0 0.0 0.0 1.0
0.0 1.1213960982547064 -0.4097205179992214 0.0 0.0 0.0 0.0 1.0
0.0 1.1313051556504092 -0.41106451210980577 0.0 0.0 0.0 0.0 1.0
0.0 1.1411177775013925 -0.412992002301098 0.0 0.0 0.0 0.0 1.0
0.0 1.1508940834352188 -0.4150961892657845 0.0 0.0 0.0 0.0 1.0
0.0 1.1606249181786552 -0.4173993508353986 0.0 0.0 0.0 0.0 1.0
0.0 1.1703533115158962 -0.41971502461176424 0.0 0.0 0.0 0.0 1.0
0.0 1.1800826203804604 -0.42202612075151347 0.0 0.0 0.0 0.0 1.0
0.0 1.1898323760219114 -0.4242481055651295 0.0 0.0 0.0 0.0 1.0
0.0 1.1996080716041888 -0.4263547339360114 0.0 0.0 0.0 0.0 1.0
0.0 1.209412758885037 -0.42832159180220497 0.0 0.0 0.0 0.0 1.0
0.0 1.2192452171613581 -0.430145017054417 0.0 0.0 0.0 0.0 1.0
0.0 1.2290776754376793 -0.4319672216035313 0.0 0.0 0.0 0.0 1.0
0.0 1.2389095233624516 -0.43379400378926203 0.0 0.0 0.0 0.0 1.0
0.0 1.248741371287224 -0.43562048079921833 0.0 0.0 0.0 0.0 1.0
0.0 1.2585719985088986 -0.43745214579733993 0.0 0.0 0.0 0.0 1.0
0.0 1.2684026257305732 -0.4392844211470104 0.0 0.0 0.0 0.0 1.0
0.0 1.2782323374249245 -0.44112218966062056 0.0 0.0 0.0 0.0 1.0
0.0 1.2880620491192758 -0.4429605685257796 0.0 0.0 0.0 0.0 1.0
0.0 1.2978905401105294 -0.44480444055487833 0.0 0.0 0.0 0.0 1.0
0.0 1.307719031101783 -0.44664922811130037 0.0 0.0 0.0 0.0 1.0
0.0 1.317546301389939 -0.44849889848011326 0.0 0.0 0.0 0.0 1.0
0.0 1.327368688865704 -0.45037603466862475 0.0 0.0 0.0 0.0 1.0
0.0 1.3371599484124772 -0.45240789497477163 0.0 0.0 0.0 0.0 1.0
0.0 1.3469115351085748 -0.45462347109712464 0.0 0.0 0.0 0.0 1.0
0.0 1.3566103263956961 -0.45705968930438967 0.0 0.0 0.0 0.0 1.0
0.0 1.3662413686608943 -0.4597504241075283 0.0 0.0 0.0 0.0 1.0
0.0 1.3757817737210871 -0.462747250212419 0.0 0.0 0.0 0.0 1.0
0.0 1.3852348985097933 -0.4660083585379651 0.0 0.0 0.0 0.0 1.0
0.0 1.394514683458624 -0.469734859919515 0.0 0.0 0.0 0.0 1.0
0.0 1.4037984356925222 -0.4734519008520577 0.0 0.0 0.0 0.0 1.0
0.0 1.413084018981067 -0.47716375379643505 0.0 0.0 0.0 0.0 1.0
0.0 1.4223729592031304 -0.480866756643354 0.0 0.0 0.0 0.0 1.0
0.0 1.431676242686592 -0.48453405392466475 0.0 0.0 0.0 0.0 1.0
0.0 1.4410860325153294 -0.48791845326308003 0.0 0.0 0.0 0.0 1.0
0.0 1.4505080293750439 -0.4912689780905337 0.0 0.0 0.0 0.0 1.0
0.0 1.4599968597293582 -0.4944257163012251 0.0 0.0 0.0 0.0 1.0
0.0 1.4695632047303775 -0.49733800871659906 0.0 0.0 0.0 0.0 1.0
0.0 1.4792021815657108 -0.5000008199363775 0.0 0.0 0.0 0.0 1.0
0.0 1.4887886681678424 -0.502847346972362 0.0 0.0 0.0 0.0 1.0
0.0 1.4984673178538515 -0.5053619953536552 0.0 0.0 0.0 0.0 1.0
0.0 1.5082192097257234 -0.5075749774819256 0.0 0.0 0.0 0.0 1.0
0.0 1.518017793491083 -0.5095725055134492 0.0 0.0 0.0 0.0 1.0
0.0 1.5278002029403979 -0.5116470904280161 0.0 0.0 0.0 0.0 1.0
0.0 1.5375392774297438 -0.5139166826624431 0.0 0.0 0.0 0.0 1.0
0.0 1.5471773387377539 -0.5165831559915146 0.0 0.0 0.0 0.0 1.0
0.0 1.5567552804182014 -0.5194571488471977 0.0 0.0 0.0 0.0 1.0
0.0 1.5663249823527394 -0.5223589126983539 0.0 0.0 0.0 0.0 1.0
0.0 1.575847382042241 -0.5254123489094011 0.0 0.0 0.0 0.0 1.0
0.0 1.5853697817317425 -0.5284663954719973 0.0 0.0 0.0 0.0 1.0
0.0 1.5948674621835153 -0.5315955152751028 0.0 0.0 0.0 0.0 1.0
0.0 1.60435079937389 -0.5347685803897262 0.0 0.0 0.0 0.0 1.0
0.0 1.6137950740651377 -0.5380553234803243 0.0 0.0 0.0 0.0 1.0
0.0 1.623196318972191 -0.5414641368806938 0.0 0.0 0.0 0.0 1.0
0.0 1.632519744056765 -0.5450800120440134 0.0 0.0 0.0 0.0 1.0
0.0 1.641707365921718 -0.5490280710377986 0.0 0.0 0.0 0.0 1.0
0.0 1.650953276359587 -0.5528375802299932 0.0 0.0 0.0 0.0 1.0
0.0 1.660242521757425 -0.556539820137476 0.0 0.0 0.0 0.0 1.0
0.0 1.6695799849276227 -0.5601199897351874 0.0 0.0 0.0 0.0 1.0
0.0 1.6789540691907519 -0.5636021979093071 0.0 0.0 0.0 0.0 1.0
0.0 1.6882756632206792 -0.567222650709243 0.0 0.0 0.0 0.0 1.0
0.0 1.6977068153536266 -0.5705466252443214 0.0 0.0 0.0 0.0 1.0
0.0 1.7072408117225564 -0.5735640507139861 0.0 0.0 0.0 0.0 1.0
0.0 1.7168602573083263 -0.5762967471861087 0.0 0.0 0.0 0.0 1.0
0.0 1.7263426789713776 -0.579471948531153 0.0 0.0 0.0 0.0 1.0
0.0 1.736071377484393 -0.5817857912528721 0.0 0.0 0.0 0.0 1.0
0.0 1.7459267239437963 -0.5834804323282752 0.0 0.0 0.0 0.0 1.0
0.0 1.7558409693276644 -0.5847871949943793 0.0 0.0 0.0 0.0 1.0
0.0 1.7657951927379827 -0.5857416322289053 0.0 0.0 0.0 0.0 1.0
0.0 1.775760097300406 -0.5865801026691484 0.0 0.0 0.0 0.0 1.0
0.0 1.7857356830149342 -0.5872792603683648 0.0 0.0 0.0 0.0 1.0
0.0 1.795707301444395 -0.5880315186523317 0.0 0.0 0.0 0.0 1.0
0.0 1.8056722060068182 -0.588868005450041 0.0 0.0 0.0 0.0 1.0
0.0 1.8156169689681292 -0.5899168945867528 0.0 0.0 0.0 0.0 1.0
0.0 1.8255168710905991 -0.5913292480708092 0.0 0.0 0.0 0.0 1.0
0.0 1.8353438362029806 -0.5931810546700431 0.0 0.0 0.0 0.0 1.0
0.0 1.8441969854191598 -0.597831323120789 0.0 0.0 0.0 0.0 1.0
0.0 1.8531273441062694 -0.6023309873268543 0.0 0.0 0.0 0.0 1.0
0.0 1.8628209474052255 -0.6047876523110061 0.0 0.0 0.0 0.0 1.0
0.0 1.8726830077316663 -0.6064418575962973 0.0 0.0 0.0 0.0 1.0
0.0 1.8818333981521391 -0.6024081967977848 0.0 0.0 0.0 0.0 1.0
0.0 1.8913298579008142 -0.5992741941822883 0.0 0.0 0.0 0.0 1.0
0.0 1.9012605827765015 -0.5980998778022864 0.0 0.0 0.0 0.0 1.0
0.0 1.9111983266950006 -0.5969873595166062 0.0 0.0 0.0 0.0 1.0
0.0 1.9211684192455891 -0.596213586340542 0.0 0.0 0.0 0.0 1.0
0.0 1.9311397324992754 -0.5954572081836202 0.0 0.0 0.0 0.0 1.0
0.0 1.9411229476081644 -0.5948756957454462 0.0 0.0 0.0 0.0 1.0
0.0 1.9511055523655045 -0.5942854857977009 0.0 0.0 0.0 0.0 1.0
0.0 1.9610930399352355 -0.5937878966974948 0.0 0.0 0.0 0.0 1.0
0.0 1.97107869645032 -0.5932530761528083 0.0 0.0 0.0 0.0 1.0
0.0 1.9810646581411788 -0.5927243591236104 0.0 0.0 0.0 0.0 1.0
0.0 1.99104665254697 -0.5921243835510834 0.0 0.0 0.0 0.0 1.0
0.0 2.00103200388628 -0.5915820861999235 0.0 0.0 0.0 0.0 1.0
0.0 2.009987386986893 -0.5871321656450901 0.0 0.0 0.0 0.0 1.0
0.0 2.019145711977501 -0.5831168153930433 0.0 0.0 0.0 0.0 1.0
0.0 2.028756612641587 -0.5803540591071394 0.0 0.0 0.0 0.0 1.0
0.0 2.0382405601835103 -0.5771831302229371 0.0 0.0 0.0 0.0 1.0
0.0 2.047827046785642 -0.5743370609506142 0.0 0.0 0.0 0.0 1.0
0.0 2.0571040851525026 -0.5706043034656885 0.0 0.0 0.0 0.0 1.0
0.0 2.0666026811315987 -0.5674774724808911 0.0 0.0 0.0 0.0 1.0
0.0 2.0758882644201435 -0.5637650091849649 0.0 0.0 0.0 0.0 1.0
0.0 2.0851134229053514 -0.559905451165764 0.0 0.0 0.0 0.0 1.0
0.0 2.0939458201688694 -0.5552164253916656 0.0 0.0 0.0 0.0 1.0
0.0 2.102480365876545 -0.5500046335159707 0.0 0.0 0.0 0.0 1.0
0.0 2.111776019965646 -0.5463182627487582 0.0 0.0 0.0 0.0 1.0
0.0 2.121266071023058 -0.5431653392352471 0.0 0.0 0.0 0.0 1.0
0.0 2.1305421938625955 -0.5394299877562387 0.0 0.0 0.0 0.0 1.0
0.0 2.1395711243248456 -0.5351317395612964 0.0 0.0 0.0 0.0 1.0
0.0 2.148425799419897 -0.5304845228682948 0.0 0.0 0.0 0.0 1.0
0.0 2.15752522548604 -0.5263373366816948 0.0 0.0 0.0 0.0 1.0
0.0 2.1663185602504313 -0.521575373897508 0.0 0.0 0.0 0.0 1.0
0.0 2.1748833183597753 -0.5164131730851578 0.0 0.0 0.0 0.0 1.0
0.0 2.183342485651167 -0.5110803790149019 0.0 0.0 0.0 0.0 1.0
0.0 2.191732988393312 -0.5056395527204982 0.0 0.0 0.0 0.0 1.0
0.0 2.1999306200460182 -0.49991277672545475 0.0 0.0 0.0 0.0 1.0
0.0 2.2079640671320817 -0.4939572714874769 0.0 0.0 0.0 0.0 1.0
0.0 2.2160667891189405 -0.4880969810911209 0.0 0.0 0.0 0.0 1.0
0.0 2.2239043133578207 -0.4818863489057206 0.0 0.0 0.0 0.0 1.0
0.0 2.231730546093047 -0.4756610682831477 0.0 0.0 0.0 0.0 1.0
0.0 2.2396944131025407 -0.46961339996129237 0.0 0.0 0.0 0.0 1.0
0.0 2.247663773275974 -0.4635724455064745 0.0 0.0 0.0 0.0 1.0
0.0 2.2555443272990487 -0.4574164397846969 0.0 0.0 0.0 0.0 1.0
0.0 2.2634654697001224 -0.45131292429612113 0.0 0.0 0.0 0.0 1.0
0.0 2.271347549602069 -0.44515874962899016 0.0 0.0 0.0 0.0 1.0
0.0 2.2791405181778828 -0.4388925754526438 0.0 0.0 0.0 0.0 1.0
0.0 2.2869450834331246 -0.4326404393619212 0.0 0.0 0.0 0.0 1.0
0.0 2.2949248195828886 -0.4266132178169526 0.0 0.0 0.0 0.0 1.0
0.0 2.3028133081760984 -0.42046758807150564 0.0 0.0 0.0 0.0 1.0
0.0 2.310569960834755 -0.4141559427047694 0.0 0.0 0.0 0.0 1.0
0.0 2.318564040245917 -0.40814825240936425 0.0 0.0 0.0 0.0 1.0
0.0 2.326389967805369 -0.40192297178679137 0.0 0.0 0.0 0.0 1.0
0.0 2.3340568987863435 -0.3955026838443585 0.0 0.0 0.0 0.0 1.0
0.0 2.3418401017373753 -0.3892239974612606 0.0 0.0 0.0 0.0 1.0
0.0 2.349467359867674 -0.38275671244956566 0.0 0.0 0.0 0.0 1.0
0.0 2.356960340657224 -0.3761343981444609 0.0 0.0 0.0 0.0 1.0
0.0 2.364550672518817 -0.3696237781727971 0.0 0.0 0.0 0.0 1.0
0.0 2.372007947742759 -0.3629614858412422 0.0 0.0 0.0 0.0 1.0
0.0 2.3793538338090343 -0.3561762076725925 0.0 0.0 0.0 0.0 1.0
0.0 2.3867934088380593 -0.3494937737399253 0.0 0.0 0.0 0.0 1.0
0.0 2.3941127446119594 -0.34268041940002814 0.0 0.0 0.0 0.0 1.0
0.0 2.4014333010889573 -0.33586767541167983 0.0 0.0 0.0 0.0 1.0
0.0 2.4087440919411733 -0.3290448606227754 0.0 0.0 0.0 0.0 1.0
0.0 2.415943493635723 -0.32210455316071585 0.0 0.0 0.0 0.0 1.0
0.0 2.423138928045205 -0.31516027841358873 0.0 0.0 0.0 0.0 1.0
0.0 2.430251964995591 -0.3081311648011704 0.0 0.0 0.0 0.0 1.0
0.0 2.4372905390570168 -0.3010275882997915 0.0 0.0 0.0 0.0 1.0
0.0 2.4443477288406825 -0.2939426275206527 0.0 0.0 0.0 0.0 1.0
0.0 2.4512797965568325 -0.2867355964317424 0.0 0.0 0.0 0.0 1.0
0.0 2.4581819570470884 -0.27949926846848694 0.0 0.0 0.0 0.0 1.0
0.0 2.4651262317942155 -0.2723035288832305 0.0 0.0 0.0 0.0 1.0
0.0 2.4719856676760514 -0.26502722289352487 0.0 0.0 0.0 0.0 1.0
0.0 2.4788258774840983 -0.2577326063573535 0.0 0.0 0.0 0.0 1.0
0.0 2.4856984359242347 -0.25046850739862503 0.0 0.0 0.0 0.0 1.0
0.0 2.492496836651185 -0.24313482836332678 0.0 0.0 0.0 0.0 1.0
0.0 2.499286692456451 -0.2357932147578934 0.0 0.0 0.0 0.0 1.0
0.0 2.5060490824420185 -0.22842657673895683 0.0 0.0 0.0 0.0 1.0
0.0 2.5128081154940674 -0.22105658178650156 0.0 0.0 0.0 0.0 1.0
0.0 2.5195616553821765 -0.21368170402165543 0.0 0.0 0.0 0.0 1.0
0.0 2.5262889501536847 -0.20628271737062942 0.0 0.0 0.0 0.0 1.0
0.0 2.5330159397494185 -0.1988837307196034 0.0 0.0 0.0 0.0 1.0
0.0 2.539740487938957 -0.19148230266238198 0.0 0.0 0.0 0.0 1.0
0.0 2.5464436738242853 -0.18406164853137152 0.0 0.0 0.0 0.0 1.0
0.0 2.5531474700611625 -0.1766412995761355 0.0 0.0 0.0 0.0 1.0
0.0 2.5598247160056644 -0.16919745208626846 0.0 0.0 0.0 0.0 1.0
0.0 2.5665065395867828 -0.16175726670569457 0.0 0.0 0.0 0.0 1.0
0.0 2.5731898890467733 -0.15431860720399282 0.0 0.0 0.0 0.0 1.0
0.0 2.5798503503236816 -0.14685980610117877 0.0 0.0 0.0 0.0 1.0
0.0 2.586515084061432 -0.139404056756109 0.0 0.0 0.0 0.0 1.0
0.0 2.593181648853829 -0.13195044364146025 0.0 0.0 0.0 0.0 1.0
0.0 2.599829292748211 -0.1244800458592179 0.0 0.0 0.0 0.0 1.0
0.0 2.606479988400338 -0.11701239465894542 0.0 0.0 0.0 0.0 1.0
0.0 2.613112678681773 -0.10952826396685378 0.0 0.0 0.0 0.0 1.0
0.0 2.6197496414240504 -0.10204840573560414 0.0 0.0 0.0 0.0 1.0
0.0 2.6263884352209743 -0.09456976820745222 0.0 0.0 0.0 0.0 1.0
0.0 2.6330119702291768 -0.08707831329677429 0.0 0.0 0.0 0.0 1.0
0.0 2.6396397776982212 -0.07959021531961508 0.0 0.0 0.0 0.0 1.0
0.0 2.6462681955188145 -0.07210211734245586 0.0 0.0 0.0 0.0 1.0
0.0 2.6528844063084307 -0.0646039485647405 0.0 0.0 0.0 0.0 1.0
0.0 2.659503668855791 -0.057108526368994994 0.0 0.0 0.0 0.0 1.0
0.0 2.66610767261443 -0.049599371263400194 0.0 0.0 0.0 0.0 1.0
0.0 2.67271655918546 -0.0420944886186474 0.0 0.0 0.0 0.0 1.0
0.0 2.679328497514234 -0.03459235255586446 0.0 0.0 0.0 0.0 1.0
0.0 2.6859263977573846 -0.02707770428632994 0.0 0.0 0.0 0.0 1.0
0.0 2.692529180812926 -0.019567328477637425 0.0 0.0 0.0 0.0 1.0
0.0 2.699133794923114 -0.012058783723591482 0.0 0.0 0.0 0.0 1.0
0.0 2.7057262020023245 -0.004539252641666103 0.0 0.0 0.0 0.0 1.0
0.0 2.7123222711908284 0.002976616330966131 0.0 0.0 0.0 0.0 1.0
0.0 2.718907354051453 0.010502556104154515 0.0 0.0 0.0 0.0 1.0
0.0 2.725493657615175 0.018026969998470754 0.0 0.0 0.0 0.0 1.0
0.0 2.73208362328819 0.025548332135042706 0.0 0.0 0.0 0.0 1.0
0.0 2.7386638233364238 0.033078239193298664 0.0 0.0 0.0 0.0 1.0
0.0 2.745245244087755 0.040607535900005765 0.0 0.0 0.0 0.0 1.0
0.0 2.7518291062452818 0.048134086024743006 0.0 0.0 0.0 0.0 1.0
0.0 2.7584050338326733 0.05566796036806654 0.0 0.0 0.0 0.0 1.0
0.0 2.764980961420065 0.06320183471139007 0.0 0.0 0.0 0.0 1.0
0.0 2.7715489544373213 0.07074242292175104 0.0 0.0 0.0 0.0 1.0
0.0 2.778119999212322 0.07828026455014214 0.0 0.0 0.0 0.0 1.0
0.0 2.784690433635774 0.0858187165300821 0.0 0.0 0.0 0.0 1.0
0.0 2.7912541541921883 0.09336296684973622 0.0 0.0 0.0 0.0 1.0
0.0 2.797820926506347 0.10090447058742047 0.0 0.0 0.0 0.0 1.0
0.0 2.804386478117408 0.10844750020397687 0.0 0.0 0.0 0.0 1.0
0.0 2.8109459262129803 0.11599541263292412 0.0 0.0 0.0 0.0 1.0
0.0 2.817508426066297 0.12354118883145038 0.0 0.0 0.0 0.0 1.0
0.0 2.824060549943283 0.13109581512743507 0.0 0.0 0.0 0.0 1.0
0.0 2.8306157255780136 0.13864738966567547 0.0 0.0 0.0 0.0 1.0
0.0 2.8371733426189394 0.1461971331492693 0.0 0.0 0.0 0.0 1.0
0.0 2.8437211940350835 0.1537551163787727 0.0 0.0 0.0 0.0 1.0
0.0 2.8502727075605208 0.16131035302630625 0.0 0.0 0.0 0.0 1.0
0.0 2.8568254417890557 0.16886406379496766 0.0 0.0 0.0 0.0 1.0
0.0 2.8633696310959067 0.17642540395798978 0.0 0.0 0.0 0.0 1.0
0.0 2.869916872160502 0.18398430271481647 0.0 0.0 0.0 0.0 1.0
0.0 2.8764573993580598 0.19154838945980845 0.0 0.0 0.0 0.0 1.0
0.0 2.8829979265556176 0.1991130865563493 0.0 0.0 0.0 0.0 1.0
0.0 2.889540284807822 0.20667595259824356 0.0 0.0 0.0 0.0 1.0
0.0 2.8960777602476355 0.21424309110097983 0.0 0.0 0.0 0.0 1.0
0.0 2.9026140149843513 0.22181145030681382 0.0 0.0 0.0 0.0 1.0
0.0 2.9091521007757137 0.22937797845800123 0.0 0.0 0.0 0.0 1.0
0.0 2.9156853037546853 0.23694847389425622 0.0 0.0 0.0 0.0 1.0
0.0 2.922217896382108 0.24452019003360892 0.0 0.0 0.0 0.0 1.0
0.0 2.9287456061971398 0.25209556828225477 0.0 0.0 0.0 0.0 1.0
0.0 2.935275757418367 0.25966942065202847 0.0 0.0 0.0 0.0 1.0
0.0 2.941803467233399 0.2672444937248999 0.0 0.0 0.0 0.0 1.0
0.0 2.9483281252906863 0.27482292373129 0.0 0.0 0.0 0.0 1.0
0.0 2.9548540040510716 0.282399827858808 0.0 0.0 0.0 0.0 1.0
0.0 2.9613780517568102 0.2899785630409726 0.0 0.0 0.0 0.0 1.0
0.0 2.9678990477048046 0.297560044805107 0.0 0.0 0.0 0.0 1.0
0.0 2.9744212643558967 0.3051403058661437 0.0 0.0 0.0 0.0 1.0
0.0 2.9809361567884025 0.312726670442669 0.0 0.0 0.0 0.0 1.0
0.0 2.9874534906271037 0.3203112039645477 0.0 0.0 0.0 0.0 1.0
0.0 2.9939720451689027 0.32789482195910313 0.0 0.0 0.0 0.0 1.0
0.0 3.000483885843664 0.3354839331175983 0.0 0.0 0.0 0.0 1.0
0.0 3.0069975575730723 0.3430715183972213 0.0 0.0 0.0 0.0 1.0
0.0 3.0135069568416384 0.35066307096191185 0.0 0.0 0.0 0.0 1.0
0.0 3.0200151354071068 0.3582552338781513 0.0 0.0 0.0 0.0 1.0
0.0 3.0265251450272217 0.365846176091293 0.0 0.0 0.0 0.0 1.0
0.0 3.0330308821864946 0.37344047523795343 0.0 0.0 0.0 0.0 1.0
0.0 3.039538450400414 0.38103355368151615 0.0 0.0 0.0 0.0 1.0
0.0 3.046044187559687 0.3886278528281766 0.0 0.0 0.0 0.0 1.0
0.0 3.0525468729612157 0.39622489855680687 0.0 0.0 0.0 0.0 1.0
0.0 3.059050779065842 0.4038210287581139 0.0 0.0 0.0 0.0 1.0
0.0 3.06554858165498 0.41142204177181174 0.0 0.0 0.0 0.0 1.0
0.0 3.0720482152987643 0.4190218340824119 0.0 0.0 0.0 0.0 1.0
0.0 3.0785478489425486 0.4266210160414632 0.0 0.0 0.0 0.0 1.0
0.0 3.085042599773942 0.4342247756371309 0.0 0.0 0.0 0.0 1.0
0.0 3.091539181659982 0.44182761970547535 0.0 0.0 0.0 0.0 1.0
0.0 3.0980357635460223 0.44942985342227093 0.0 0.0 0.0 0.0 1.0
0.0 3.1045274626196715 0.4570360544241341 0.0 0.0 0.0 0.0 1.0
0.0 3.1110203823964184 0.4646416450744484 0.0 0.0 0.0 0.0 1.0
0.0 3.117509640063872 0.47224998230673254 0.0 0.0 0.0 0.0 1.0
0.0 3.123998287379777 0.47985923506634 0.0 0.0 0.0 0.0 1.0
0.0 3.130487545047231 0.48746757229862414 0.0 0.0 0.0 0.0 1.0
0.0 3.1369737509569404 0.49507865611287816 0.0 0.0 0.0 0.0 1.0
0.0 3.143459346515101 0.502690350278681 0.0 0.0 0.0 0.0 1.0
0.0 3.1499412799639686 0.5103050962022282 0.0 0.0 0.0 0.0 1.0
0.0 3.1564244341159338 0.5179186214226776 0.0 0.0 0.0 0.0 1.0
0.0 3.1629063675648013 0.5255333673462248 0.0 0.0 0.0 0.0 1.0
0.0 3.1693858596074733 0.533150249500193 0.0 0.0 0.0 0.0 1.0
0.0 3.1758659620016942 0.5407665213026123 0.0 0.0 0.0 0.0 1.0
0.0 3.1823448436928174 0.5483843189839037 0.0 0.0 0.0 0.0 1.0
0.0 3.1888206736261964 0.5560039477198417 0.0 0.0 0.0 0.0 1.0
0.0 3.195297724262673 0.5636229661042309 0.0 0.0 0.0 0.0 1.0
0.0 3.2017698920867588 0.5712459517736876 0.0 0.0 0.0 0.0 1.0
0.0 3.2082432806139423 0.5788683270915955 0.0 0.0 0.0 0.0 1.0
0.0 3.2147166691411257 0.5864900920579545 0.0 0.0 0.0 0.0 1.0
0.0 3.2211857852074672 0.5941155191336067 0.0 0.0 0.0 0.0 1.0
0.0 3.2276561219769064 0.60174033585771 0.0 0.0 0.0 0.0 1.0
0.0 3.2341264587463456 0.6093648474060389 0.0 0.0 0.0 0.0 1.0
0.0 3.240592523054943 0.6169930210636609 0.0 0.0 0.0 0.0 1.0
0.0 3.2470598080666377 0.6246202791939597 0.0 0.0 0.0 0.0 1.0
0.0 3.2535240413205884 0.6322499787304539 0.0 0.0 0.0 0.0 1.0
0.0 3.2599894952776367 0.6398790679153992 0.0 0.0 0.0 0.0 1.0
0.0 3.2664531181800385 0.6475090726276678 0.0 0.0 0.0 0.0 1.0
0.0 3.2729149100277937 0.6551409083945829 0.0 0.0 0.0 0.0 1.0
0.0 3.279376701875549 0.6627727441614981 0.0 0.0 0.0 0.0 1.0
0.0 3.285834831614011 0.6704076316861576 0.0 0.0 0.0 0.0 1.0
0.0 3.292293571704022 0.6780422140350426 0.0 0.0 0.0 0.0 1.0
0.0 3.2987529221455816 0.6856761860323788 0.0 0.0 0.0 0.0 1.0
0.0 3.3052080001262993 0.6933135149632337 0.0 0.0 0.0 0.0 1.0
0.0 3.311664298810115 0.7009502335425397 0.0 0.0 0.0 0.0 1.0
0.0 3.3181199871423814 0.7085869521218457 0.0 0.0 0.0 0.0 1.0
0.0 3.3245726237169038 0.7162267224588961 0.0 0.0 0.0 0.0 1.0
0.0 3.331025870642975 0.7238658824443975 0.0 0.0 0.0 0.0 1.0
0.0 3.3374766761628507 0.7315068734845456 0.0 0.0 0.0 0.0 1.0
0.0 3.3439268713311776 0.7391487800520169 0.0 0.0 0.0 0.0 1.0
0.0 3.3503770664995045 0.7467903814437138 0.0 0.0 0.0 0.0 1.0
0.0 3.356825430613185 0.7544338138900573 0.0 0.0 0.0 0.0 1.0
0.0 3.3632725740237674 0.7620778566879496 0.0 0.0 0.0 0.0 1.0
0.0 3.36971971743435 0.7697218994858419 0.0 0.0 0.0 0.0 1.0
0.0 3.376165029790286 0.7773677733383808 0.0 0.0 0.0 0.0 1.0
0.0 3.3826097317946733 0.7850142575424686 0.0 0.0 0.0 0.0 1.0
0.0 3.389051992392865 0.7926625728012029 0.0 0.0 0.0 0.0 1.0
0.0 3.395494252991057 0.8003108880599372 0.0 0.0 0.0 0.0 1.0
0.0 3.4019359032376997 0.807959508494446 0.0 0.0 0.0 0.0 1.0
0.0 3.408375722429696 0.8156102651593757 0.0 0.0 0.0 0.0 1.0
0.0 3.4148155416216923 0.8232604114727566 0.0 0.0 0.0 0.0 1.0
0.0 3.4212523090559444 0.8309136095438818 0.0 0.0 0.0 0.0 1.0
0.0 3.4276890764901964 0.8385665024392326 0.0 0.0 0.0 0.0 1.0
0.0 3.4341264542759973 0.8462190901588089 0.0 0.0 0.0 0.0 1.0
0.0 3.440560169952505 0.8538744244603551 0.0 0.0 0.0 0.0 1.0
0.0 3.4469951063321105 0.8615291484103524 0.0 0.0 0.0 0.0 1.0
0.0 3.453429432360167 0.8691841775361242 0.0 0.0 0.0 0.0 1.0
0.0 3.459861927333577 0.8768407325407681 0.0 0.0 0.0 0.0 1.0
0.0 3.4662938119554383 0.8844978978969609 0.0 0.0 0.0 0.0 1.0
0.0 3.472723255171104 0.8921565891320258 0.0 0.0 0.0 0.0 1.0
0.0 3.4791533087383186 0.8998152803670907 0.0 0.0 0.0 0.0 1.0
0.0 3.4855827519539844 0.9074745819537045 0.0 0.0 0.0 0.0 1.0
0.0 3.4920097537634547 0.9151354094191904 0.0 0.0 0.0 0.0 1.0
0.0 3.498437365924474 0.9227962368846763 0.0 0.0 0.0 0.0 1.0
0.0 3.5048619263277487 0.9304595057563576 0.0 0.0 0.0 0.0 1.0
0.0 3.5112870970825725 0.9381224694522645 0.0 0.0 0.0 0.0 1.0
0.0 3.5177116574858474 0.9457854331481714 0.0 0.0 0.0 0.0 1.0
0.0 3.524133776482927 0.9534505330744993 0.0 0.0 0.0 0.0 1.0
0.0 3.530556505831555 0.9611156330008273 0.0 0.0 0.0 0.0 1.0
0.0 3.5369786248286346 0.9687807329271552 0.0 0.0 0.0 0.0 1.0
0.0 3.5433989127710674 0.9764479690839041 0.0 0.0 0.0 0.0 1.0
0.0 3.5498185903619515 0.9841149000648786 0.0 0.0 0.0 0.0 1.0
0.0 3.5562370472497378 0.9917833569247252 0.0 0.0 0.0 0.0 1.0
0.0 3.5626542834344264 0.9994527293118951 0.0 0.0 0.0 0.0 1.0
0.0 3.569071519619115 1.0071217965232906 0.0 0.0 0.0 0.0 1.0
0.0 3.575487535100706 1.0147923896135582 0.0 0.0 0.0 0.0 1.0
0.0 3.581902329879199 1.0224635930553747 0.0 0.0 0.0 0.0 1.0
0.0 3.5883159039545944 1.0301363223760633 0.0 0.0 0.0 0.0 1.0
0.0 3.59472947802999 1.0378087465209775 0.0 0.0 0.0 0.0 1.0
0.0 3.6011418314022876 1.045482086193215 0.0 0.0 0.0 0.0 1.0
0.0 3.6075529640714876 1.0531566465685502 0.0 0.0 0.0 0.0 1.0
0.0 3.613963486389139 1.0608315121196599 0.0 0.0 0.0 0.0 1.0
0.0 3.62037400870679 1.068506682846544 0.0 0.0 0.0 0.0 1.0
0.0 3.6267826999697945 1.0761833794523001 0.0 0.0 0.0 0.0 1.0
0.0 3.6331907808812502 1.083859770882282 0.0 0.0 0.0 0.0 1.0
0.0 3.6395976410896083 1.0915376881911358 0.0 0.0 0.0 0.0 1.0
0.0 3.6460045012979663 1.0992162158515386 0.0 0.0 0.0 0.0 1.0
0.0 3.6524107511547754 1.1068947435119414 0.0 0.0 0.0 0.0 1.0
0.0 3.658815169956938 1.1145744918754419 0.0 0.0 0.0 0.0 1.0
0.0 3.6652195887591006 1.1222548505904912 0.0 0.0 0.0 0.0 1.0
0.0 3.6716233972097143 1.129935514481315 0.0 0.0 0.0 0.0 1.0
0.0 3.6780253746056815 1.1376173990752365 0.0 0.0 0.0 0.0 1.0
0.0 3.6844273520016486 1.1452995888449324 0.0 0.0 0.0 0.0 1.0
0.0 3.6908268879914203 1.152983609669275 0.0 0.0 0.0 0.0 1.0
0.0 3.697227034332741 1.160667325317843 0.0 0.0 0.0 0.0 1.0
0.0 3.7036265703225126 1.16835165131796 0.0 0.0 0.0 0.0 1.0
0.0 3.710024275257638 1.1760368928454001 0.0 0.0 0.0 0.0 1.0
0.0 3.716421980192763 1.1837224395486148 0.0 0.0 0.0 0.0 1.0
0.0 3.7228178540732415 1.191409817306476 0.0 0.0 0.0 0.0 1.0
0.0 3.72921372795372 1.1990968898885628 0.0 0.0 0.0 0.0 1.0
0.0 3.7356096018341987 1.206784267646424 0.0 0.0 0.0 0.0 1.0
0.0 3.742003034308482 1.2144734764589318 0.0 0.0 0.0 0.0 1.0
0.0 3.748397077134314 1.2221623800956651 0.0 0.0 0.0 0.0 1.0
0.0 3.754789899257048 1.2298518940839474 0.0 0.0 0.0 0.0 1.0
0.0 3.7611815006766847 1.2375426287753273 0.0 0.0 0.0 0.0 1.0
0.0 3.7675731020963212 1.2452336686424816 0.0 0.0 0.0 0.0 1.0
0.0 3.7739628724613112 1.2529259292127337 0.0 0.0 0.0 0.0 1.0
0.0 3.7803520324747524 1.2606188001345346 0.0 0.0 0.0 0.0 1.0
0.0 3.7867405821366447 1.2683116710563356 0.0 0.0 0.0 0.0 1.0
0.0 3.793128521446988 1.2760054575054598 0.0 0.0 0.0 0.0 1.0
0.0 3.7995158504057827 1.2836995491303584 0.0 0.0 0.0 0.0 1.0
0.0 3.8059019586614795 1.2913951666341292 0.0 0.0 0.0 0.0 1.0
0.0 3.8122874565656275 1.2990910893136745 0.0 0.0 0.0 0.0 1.0
0.0 3.8186729544697755 1.3067870119932197 0.0 0.0 0.0 0.0 1.0
0.0 3.825056010967728 1.3144841553758626 0.0 0.0 0.0 0.0 1.0
0.0 3.8314396778172295 1.3221819091100544 0.0 0.0 0.0 0.0 1.0
0.0 3.837822734315182 1.3298793576684718 0.0 0.0 0.0 0.0 1.0
0.0 3.844204570110037 1.3375786372815357 0.0 0.0 0.0 0.0 1.0
0.0 3.850585795553343 1.3452776117188252 0.0 0.0 0.0 0.0 1.0
0.0 3.8569664106451 1.3529778068592124 0.0 0.0 0.0 0.0 1.0
0.0 3.8633458050337595 1.3606786123511485 0.0 0.0 0.0 0.0 1.0
0.0 3.869725199422419 1.3683794178430846 0.0 0.0 0.0 0.0 1.0
0.0 3.8761033731079806 1.3760814440381184 0.0 0.0 0.0 0.0 1.0
0.0 3.8824809364419934 1.3837837754089266 0.0 0.0 0.0 0.0 1.0
0.0 3.8888572790729086 1.3914870223070581 0.0 0.0 0.0 0.0 1.0
0.0 3.8952336217038237 1.399190574380964 0.0 0.0 0.0 0.0 1.0
0.0 3.901608743631641 1.4068947368064189 0.0 0.0 0.0 0.0 1.0
0.0 3.9079832552079097 1.4145995095834225 0.0 0.0 0.0 0.0 1.0
0.0 3.9143577667841782 1.422304892711975 0.0 0.0 0.0 0.0 1.0
0.0 3.9207304473058002 1.4300111913678508 0.0 0.0 0.0 0.0 1.0
0.0 3.9271025174758734 1.437717795199501 0.0 0.0 0.0 0.0 1.0
0.0 3.9334745876459465 1.4454247042069257 0.0 0.0 0.0 0.0 1.0
0.0 3.939845437112922 1.453132833917448 0.0 0.0 0.0 0.0 1.0
0.0 3.9462156762283485 1.4608412688037449 0.0 0.0 0.0 0.0 1.0
0.0 3.952585915343775 1.4685497036900417 0.0 0.0 0.0 0.0 1.0
0.0 3.958954933756104 1.4762593592794362 0.0 0.0 0.0 0.0 1.0
0.0 3.965323341816884 1.4839693200446051 0.0 0.0 0.0 0.0 1.0
0.0 3.9716899188230173 1.4916805015128718 0.0 0.0 0.0 0.0 1.0
0.0 3.9780571061806995 1.4993916829811385 0.0 0.0 0.0 0.0 1.0
0.0 3.984423072835284 1.507103474800954 0.0 0.0 0.0 0.0 1.0
0.0 3.9907884291383198 1.5148158769723183 0.0 0.0 0.0 0.0 1.0
0.0 3.9971531750898066 1.5225288894952316 0.0 0.0 0.0 0.0 1.0
0.0 4.003516700338196 1.530242817545468 0.0 0.0 0.0 0.0 1.0
0.0 4.009880225586585 1.537957050771479 0.0 0.0 0.0 0.0 1.0
0.0 4.016243140483425 1.54567128399749 0.0 0.0 0.0 0.0 1.0
0.0 4.022604834677168 1.5533867379265986 0.0 0.0 0.0 0.0 1.0
0.0 4.02896652887091 1.5611024970314817 0.0 0.0 0.0 0.0 1.0
0.0 4.035327612713104 1.5688185613121393 0.0 0.0 0.0 0.0 1.0
0.0 4.0416874758522 1.57653554112012 0.0 0.0 0.0 0.0 1.0
0.0 4.048047338991296 1.5842528261038753 0.0 0.0 0.0 0.0 1.0
0.0 4.054405371075745 1.5919707214391794 0.0 0.0 0.0 0.0 1.0
0.0 4.060763403160195 1.5996895323018068 0.0 0.0 0.0 0.0 1.0
0.0 4.067120824893095 1.6074086483402086 0.0 0.0 0.0 0.0 1.0
0.0 4.073477025922898 1.6151283747301592 0.0 0.0 0.0 0.0 1.0
0.0 4.079833226952701 1.6228484062958843 0.0 0.0 0.0 0.0 1.0
0.0 4.086188207279406 1.6305696585647071 0.0 0.0 0.0 0.0 1.0
0.0 4.092543187606111 1.63829091083353 0.0 0.0 0.0 0.0 1.0
0.0 4.098897557581267 1.6460121631023528 0.0 0.0 0.0 0.0 1.0
0.0 4.105250706853326 1.6537349412500477 0.0 0.0 0.0 0.0 1.0
0.0 4.111603245773836 1.6614577193977427 0.0 0.0 0.0 0.0 1.0
0.0 4.117955784694345 1.6691804975454376 0.0 0.0 0.0 0.0 1.0
0.0 4.124307102911757 1.6769044963962303 0.0 0.0 0.0 0.0 1.0
0.0 4.130658421129169 1.6846288004227974 0.0 0.0 0.0 0.0 1.0
0.0 4.1370085186434835 1.6923540199766878 0.0 0.0 0.0 0.0 1.0
0.0 4.143358005806249 1.7000792395305782 0.0 0.0 0.0 0.0 1.0
0.0 4.149707492969014 1.7078050694360174 0.0 0.0 0.0 0.0 1.0
0.0 4.156055759428682 1.7155315096930055 0.0 0.0 0.0 0.0 1.0
0.0 4.16240402588835 1.723258255125768 0.0 0.0 0.0 0.0 1.0
0.0 4.168750461293371 1.7309859160858538 0.0 0.0 0.0 0.0 1.0
0.0 4.175096896698392 1.738713882221714 0.0 0.0 0.0 0.0 1.0
0.0 4.181443332103413 1.7464424587091232 0.0 0.0 0.0 0.0 1.0
0.0 4.1877879364537876 1.7541716455480811 0.0 0.0 0.0 0.0 1.0
0.0 4.194133151155711 1.7619011375628135 0.0 0.0 0.0 0.0 1.0
0.0 4.200477145154537 1.7696309347533203 0.0 0.0 0.0 0.0 1.0
0.0 4.2068205288018135 1.7773616474711504 0.0 0.0 0.0 0.0 1.0
0.0 4.213163302097541 1.7850923601889805 0.0 0.0 0.0 0.0 1.0
0.0 4.2195054650417205 1.792823988434134 0.0 0.0 0.0 0.0 1.0
0.0 4.225847017634351 1.8005562270308362 0.0 0.0 0.0 0.0 1.0
0.0 4.232188570226981 1.8082884656275384 0.0 0.0 0.0 0.0 1.0
0.0 4.238528902116514 1.8160213145757895 0.0 0.0 0.0 0.0 1.0
0.0 4.244868623654497 1.8237547738755895 0.0 0.0 0.0 0.0 1.0
0.0 4.251207734840932 1.8314888435269383 0.0 0.0 0.0 0.0 1.0
0.0 4.257546235675818 1.8392232183540616 0.0 0.0 0.0 0.0 1.0
0.0 4.263884736510704 1.8469582035327337 0.0 0.0 0.0 0.0 1.0
0.0 4.270222016642492 1.8546937990629546 0.0 0.0 0.0 0.0 1.0
0.0 4.276558686422732 1.8624293945931756 0.0 0.0 0.0 0.0 1.0
0.0 4.282894745851422 1.8701662108264943 0.0 0.0 0.0 0.0 1.0
0.0 4.289230194928564 1.8779033322355874 0.0 0.0 0.0 0.0 1.0
0.0 4.295565033654157 1.8856404536446805 0.0 0.0 0.0 0.0 1.0
0.0 4.301899262028201 1.8933784905810969 0.0 0.0 0.0 0.0 1.0
0.0 4.308233490402245 1.9011168326932877 0.0 0.0 0.0 0.0 1.0
0.0 4.31456710842474 1.908855479981253 0.0 0.0 0.0 0.0 1.0
0.0 4.320899505744137 1.916594737620767 0.0 0.0 0.0 0.0 1.0
0.0 4.3272319030635344 1.9243343004360556 0.0 0.0 0.0 0.0 1.0
0.0 4.333563690031383 1.932074473602893 0.0 0.0 0.0 0.0 1.0
0.0 4.339894866647683 1.9398152571212792 0.0 0.0 0.0 0.0 1.0
0.0 4.3462254329124335 1.9475560406396655 0.0 0.0 0.0 0.0 1.0
0.0 4.352555388825635 1.955297739685375 0.0 0.0 0.0 0.0 1.0
0.0 4.358885344738837 1.9630394387310846 0.0 0.0 0.0 0.0 1.0
0.0 4.365213469597393 1.9707820533041174 0.0 0.0 0.0 0.0 1.0
0.0 4.371542204807497 1.9785249730529246 0.0 0.0 0.0 0.0 1.0
0.0 4.3778697193145035 1.9862681979775063 0.0 0.0 0.0 0.0 1.0
0.0 4.384196623469961 1.9940123384294113 0.0 0.0 0.0 0.0 1.0
0.0 4.390523527625419 2.0017567840570907 0.0 0.0 0.0 0.0 1.0
0.0 4.396849821429328 2.00950122968477 0.0 0.0 0.0 0.0 1.0
0.0 4.403174894530139 2.0172465908397728 0.0 0.0 0.0 0.0 1.0
0.0 4.40949996763095 2.0249919519947754 0.0 0.0 0.0 0.0 1.0
0.0 4.415824430380212 2.0327382286771014 0.0 0.0 0.0 0.0 1.0
0.0 4.42214034820779 2.0404909140506904 0.0 0.0 0.0 0.0 1.0
0.0 4.428459928144662 2.048241158018084 0.0 0.0 0.0 0.0 1.0
0.0 4.43478133913618 2.0559898761066053 0.0 0.0 0.0 0.0 1.0
0.0 4.4408805821639135 2.0639143754411977 0.0 0.0 0.0 0.0 1.0
0.0 4.447104336907614 2.0717418288795217 0.0 0.0 0.0 0.0 1.0
0.0 4.453381802587614 2.0795256421821025 0.0 0.0 0.0 0.0 1.0
0.0 4.459701992876035 2.087275275797947 0.0 0.0 0.0 0.0 1.0
0.0 4.4657707183263256 2.0952232736671705 0.0 0.0 0.0 0.0 1.0
0.0 4.471996304124673 2.1030492012266224 0.0 0.0 0.0 0.0 1.0
0.0 4.4783360256626565 2.110782965702197 0.0 0.0 0.0 0.0 1.0
0.0 4.4842887843186645 2.118817633491358 0.0 0.0 0.0 0.0 1.0
0.0 4.490508876953072 2.126647833511652 0.0 0.0 0.0 0.0 1.0
0.0 4.496911464700588 2.1343297181055734 0.0 0.0 0.0 0.0 1.0
0.0 4.502759242890193 2.1424412901898906 0.0 0.0 0.0 0.0 1.0
0.0 4.5089952046648705 2.1502592831792073 0.0 0.0 0.0 0.0 1.0
0.0 4.51549727971485 2.1578563289078376 0.0 0.0 0.0 0.0 1.0
0.0 4.521605678015817 2.165773809199618 0.0 0.0 0.0 0.0 1.0
0.0 4.528072352675963 2.1734013725056913 0.0 0.0 0.0 0.0 1.0
0.0 4.534813685533095 2.1807878469499657 0.0 0.0 0.0 0.0 1.0
0.0 4.541451258626921 2.1882677051812154 0.0 0.0 0.0 0.0 1.0
0.0 4.548304285817494 2.195549809510635 0.0 0.0 0.0 0.0 1.0
0.0 4.555368494643972 2.2026274460711877 0.0 0.0 0.0 0.0 1.0
0.0 4.562363733745428 2.209774052356761 0.0 0.0 0.0 0.0 1.0
0.0 4.569523767765077 2.216755253372594 0.0 0.0 0.0 0.0 1.0
0.0 4.576849817406014 2.223561283493905 0.0 0.0 0.0 0.0 1.0
0.0 4.5840867557208185 2.2304625284568376 0.0 0.0 0.0 0.0 1.0
0.0 4.59149093036001 2.2371837197128572 0.0 0.0 0.0 0.0 1.0
0.0 4.599035485855438 2.2437474402692716 0.0 0.0 0.0 0.0 1.0
0.0 4.606496423188673 2.250405765315759 0.0 0.0 0.0 0.0 1.0
0.0 4.614109338057574 2.256890140170822 0.0 0.0 0.0 0.0 1.0
0.0 4.6217222529264745 2.263373904674336 0.0 0.0 0.0 0.0 1.0
0.0 4.629494469549627 2.2696660187915088 0.0 0.0 0.0 0.0 1.0
0.0 4.637307579726553 2.2759074737301264 0.0 0.0 0.0 0.0 1.0
0.0 4.645236046346213 2.282002444297018 0.0 0.0 0.0 0.0 1.0
0.0 4.6532255481207585 2.288015627756363 0.0 0.0 0.0 0.0 1.0
0.0 4.661107628022705 2.294169802423494 0.0 0.0 0.0 0.0 1.0
0.0 4.669079429602334 2.300207399944793 0.0 0.0 0.0 0.0 1.0
0.0 4.677125694070924 2.3061455101636286 0.0 0.0 0.0 0.0 1.0
0.0 4.685072471237049 2.312216066668566 0.0 0.0 0.0 0.0 1.0
0.0 4.693120566760285 2.3181505147781083 0.0 0.0 0.0 0.0 1.0
0.0 4.701007529474623 2.3242991962812996 0.0 0.0 0.0 0.0 1.0
0.0 4.709045859373077 2.3302470721249167 0.0 0.0 0.0 0.0 1.0
0.0 4.717193442198777 2.3360454118390637 0.0 0.0 0.0 0.0 1.0
0.0 4.725227499636389 2.3419993911981694 0.0 0.0 0.0 0.0 1.0
0.0 4.733451986757245 2.347688477985071 0.0 0.0 0.0 0.0 1.0
0.0 4.741419515876032 2.353730958318761 0.0 0.0 0.0 0.0 1.0
0.0 4.749628744208167 2.3594414074098724 0.0 0.0 0.0 0.0 1.0
0.0 4.75803084362974 2.364864380921472 0.0 0.0 0.0 0.0 1.0
0.0 4.766313924499286 2.3704674081399846 0.0 0.0 0.0 0.0 1.0
0.0 4.774772176263355 2.375801270325451 0.0 0.0 0.0 0.0 1.0
0.0 4.782497395817245 2.382151367839765 0.0 0.0 0.0 0.0 1.0
0.0 4.790869588012924 2.387620117717529 0.0 0.0 0.0 0.0 1.0
0.0 4.799714802658968 2.3922850346054476 0.0 0.0 0.0 0.0 1.0
0.0 4.808783405971894 2.396499512050309 0.0 0.0 0.0 0.0 1.0
0.0 4.817806843270205 2.4008098146883414 0.0 0.0 0.0 0.0 1.0
0.0 4.825913532542131 2.4066643067449833 0.0 0.0 0.0 0.0 1.0
0.0 4.835245807724164 2.410257446313108 0.0 0.0 0.0 0.0 1.0
0.0 4.844631793842495 2.4137077636188 0.0 0.0 0.0 0.0 1.0
0.0 4.854044025077428 2.4170854490901776 0.0 0.0 0.0 0.0 1.0
0.0 4.862376544422432 2.4226146237712785 0.0 0.0 0.0 0.0 1.0
0.0 4.871362139924713 2.4270024410560156 0.0 0.0 0.0 0.0 1.0
0.0 4.880839678775374 2.430193969304992 0.0 0.0 0.0 0.0 1.0
0.0 4.8903025691888615 2.4334270014592905 0.0 0.0 0.0 0.0 1.0
0.0 4.899759356086861 2.436677123456957 0.0 0.0 0.0 0.0 1.0
0.0 4.908523393976907 2.4414927971774434 0.0 0.0 0.0 0.0 1.0
0.0 4.917873369353856 2.4450401603794036 0.0 0.0 0.0 0.0 1.0
0.0 4.927667070306825 2.44706164470922 0.0 0.0 0.0 0.0 1.0
0.0 4.937616410904752 2.4480662833586395 0.0 0.0 0.0 0.0 1.0
0.0 4.947263017134446 2.4507011709950577 0.0 0.0 0.0 0.0 1.0
0.0 4.956919999340471 2.453296996132349 0.0 0.0 0.0 0.0 1.0
0.0 4.966600174905352 2.4558073720528 0.0 0.0 0.0 0.0 1.0
0.0 4.976282791876429 2.4583049305907254 0.0 0.0 0.0 0.0 1.0
0.0 4.985978226230031 2.4607554920593886 0.0 0.0 0.0 0.0 1.0
0.0 4.9956718295289875 2.463210325988894 0.0 0.0 0.0 0.0 1.0
0.0 5.005368484585688 2.465656004645166 0.0 0.0 0.0 0.0 1.0
0.0 5.015063308587742 2.468107786816927 0.0 0.0 0.0 0.0 1.0
0.0 5.0242521511557925 2.4720524888771935 0.0 0.0 0.0 0.0 1.0
0.0 5.033777907778813 2.4750950913482486 0.0 0.0 0.0 0.0 1.0
0.0 5.043536208341948 2.4772801498931587 0.0 0.0 0.0 0.0 1.0
0.0 5.053399489371486 2.478929319778172 0.0 0.0 0.0 0.0 1.0
0.0 5.063374464734466 2.478221311981497 0.0 0.0 0.0 0.0 1.0
0.0 5.073346388339701 2.4774772934434397 0.0 0.0 0.0 0.0 1.0
0.0 5.083331739679011 2.476927366697919 0.0 0.0 0.0 0.0 1.0
0.0 5.093315870315223 2.4763640122183235 0.0 0.0 0.0 0.0 1.0
0.0 5.103305494115375 2.4759099106659734 0.0 0.0 0.0 0.0 1.0
0.0 5.113294507563978 2.475449095246586 0.0 0.0 0.0 0.0 1.0
0.0 5.1232871831218745 2.475054808146024 0.0 0.0 0.0 0.0 1.0
0.0 5.133279248328222 2.47465624858462 0.0 0.0 0.0 0.0 1.0
0.0 5.143272534237667 2.474300413631636 0.0 0.0 0.0 0.0 1.0
0.0 5.153266430498661 2.473940916569359 0.0 0.0 0.0 0.0 1.0
0.0 5.163260937111204 2.473609495678329 0.0 0.0 0.0 0.0 1.0
0.0 5.173254833372198 2.4732738023264575 0.0 0.0 0.0 0.0 1.0
0.0 5.18324995033629 2.4729570298726005 0.0 0.0 0.0 0.0 1.0
0.0 5.193245067300381 2.4726347642548037 0.0 0.0 0.0 0.0 1.0
0.0 5.203239573912924 2.4723161607463 0.0 0.0 0.0 0.0 1.0
0.0 5.213234690877016 2.4719975572377964 0.0 0.0 0.0 0.0 1.0
0.0 5.223229807841108 2.4716917711118187 0.0 0.0 0.0 0.0 1.0
0.0 5.233225535156748 2.4713829332280968 0.0 0.0 0.0 0.0 1.0
0.0 5.24322065212084 2.471081419562961 0.0 0.0 0.0 0.0 1.0
0.0 5.253215769084932 2.470773802382337 0.0 0.0 0.0 0.0 1.0
0.0 5.263211496400572 2.4704674059048104 0.0 0.0 0.0 0.0 1.0
0.0 5.273206003013115 2.470151854154051 0.0 0.0 0.0 0.0 1.0
0.0 5.283201119977207 2.469827147130059 0.0 0.0 0.0 0.0 1.0
0.0 5.293195016238201 2.4694804674503077 0.0 0.0 0.0 0.0 1.0
0.0 5.303188302147646 2.4691203600364817 0.0 0.0 0.0 0.0 1.0
0.0 5.313180977705542 2.468738279966897 0.0 0.0 0.0 0.0 1.0
0.0 5.323173653263439 2.468342772163237 0.0 0.0 0.0 0.0 1.0
0.0 5.333164497766688 2.4679265124069163 0.0 0.0 0.0 0.0 1.0
0.0 5.343155342269938 2.4674974352680694 0.0 0.0 0.0 0.0 1.0
0.0 5.353145576421639 2.4670469958250125 0.0 0.0 0.0 0.0 1.0
0.0 5.363134589870242 2.466582518296332 0.0 0.0 0.0 0.0 1.0
0.0 5.373122992967296 2.466097899166539 0.0 0.0 0.0 0.0 1.0
0.0 5.383110175361253 2.4655992419511223 0.0 0.0 0.0 0.0 1.0
0.0 5.393096747403661 2.4650798327830445 0.0 0.0 0.0 0.0 1.0
0.0 5.4030827090945195 2.464545775177794 0.0 0.0 0.0 0.0 1.0
0.0 5.413067450082281 2.4639909656198826 0.0 0.0 0.0 0.0 1.0
0.0 5.423050970366944 2.4634208972732496 0.0 0.0 0.0 0.0 1.0
0.0 5.43303326994851 2.4628294666224066 0.0 0.0 0.0 0.0 1.0
0.0 5.443014959178527 2.4622221668312934 0.0 0.0 0.0 0.0 1.0
0.0 5.452995427705446 2.461594115087519 0.0 0.0 0.0 0.0 1.0
0.0 5.462974675529267 2.4609489735003764 0.0 0.0 0.0 0.0 1.0
0.0 5.472952092298442 2.460282469609024 0.0 0.0 0.0 0.0 1.0
0.0 5.482928898716068 2.4595988758743035 0.0 0.0 0.0 0.0 1.0
0.0 5.4929038740790475 2.4588926991322753 0.0 0.0 0.0 0.0 1.0
0.0 5.502877628738929 2.45816882219533 0.0 0.0 0.0 0.0 1.0
0.0 5.512849552344164 2.4574217518995285 0.0 0.0 0.0 0.0 1.0
0.0 5.522820255246302 2.4566557607057122 0.0 0.0 0.0 0.0 1.0
0.0 5.532789127093793 2.4558671865045882 0.0 0.0 0.0 0.0 1.0
0.0 5.542756167886637 2.455057860350803 0.0 0.0 0.0 0.0 1.0
0.0 5.5527213776248345 2.4542253408381614 0.0 0.0 0.0 0.0 1.0
0.0 5.5626853666599345 2.4533714590213096 0.0 0.0 0.0 0.0 1.0
0.0 5.57264630393729 2.4524931631425035 0.0 0.0 0.0 0.0 1.0
0.0 5.582606020511548 2.4515928946079386 0.0 0.0 0.0 0.0 1.0
0.0 5.592562685328062 2.450666380956773 0.0 0.0 0.0 0.0 1.0
0.0 5.602518129441478 2.449723387813788 0.0 0.0 0.0 0.0 1.0
0.0 5.612472963203345 2.4487730704522166 0.0 0.0 0.0 0.0 1.0
0.0 5.622427796965212 2.4478209220359988 0.0 0.0 0.0 0.0 1.0
0.0 5.6323814100239815 2.4468632804558412 0.0 0.0 0.0 0.0 1.0
0.0 5.642336243785849 2.4459147941489165 0.0 0.0 0.0 0.0 1.0
0.0 5.652290467196167 2.44495654221721 0.0 0.0 0.0 0.0 1.0
0.0 5.6622434699033874 2.4439897453638197 0.0 0.0 0.0 0.0 1.0
0.0 5.67219525190751 2.4430089104248056 0.0 0.0 0.0 0.0 1.0
0.0 5.682145813208535 2.4420146477517166 0.0 0.0 0.0 0.0 1.0
0.0 5.692094543454914 2.4410026848837107 0.0 0.0 0.0 0.0 1.0
0.0 5.702041442646646 2.439972411469239 0.0 0.0 0.0 0.0 1.0
0.0 5.7119859004321825 2.4389207757505575 0.0 0.0 0.0 0.0 1.0
0.0 5.721927916811524 2.437846557024568 0.0 0.0 0.0 0.0 1.0
0.0 5.731867491784669 2.436746703533527 0.0 0.0 0.0 0.0 1.0
0.0 5.741803404648522 2.4356206049258846 0.0 0.0 0.0 0.0 1.0
0.0 5.751736876106179 2.434465209443897 0.0 0.0 0.0 0.0 1.0
0.0 5.761666075102994 2.433278686032918 0.0 0.0 0.0 0.0 1.0
0.0 5.771591611990516 2.432058593286752 0.0 0.0 0.0 0.0 1.0
0.0 5.781512266065647 2.4308043208538495 0.0 0.0 0.0 0.0 1.0
0.0 5.791429868383034 2.4295219722496997 0.0 0.0 0.0 0.0 1.0
0.0 5.801345639645774 2.4282274166145728 0.0 0.0 0.0 0.0 1.0
0.0 5.811260190205417 2.4269218746515664 0.0 0.0 0.0 0.0 1.0
0.0 5.821173520061961 2.425608398118425 0.0 0.0 0.0 0.0 1.0
0.0 5.8310856292154085 2.4242857663120505 0.0 0.0 0.0 0.0 1.0
0.0 5.840997128017307 2.4229570309901876 0.0 0.0 0.0 0.0 1.0
0.0 5.850907406116107 2.421621581801287 0.0 0.0 0.0 0.0 1.0
0.0 5.860817073863359 2.420281860151545 0.0 0.0 0.0 0.0 1.0
0.0 5.870726131259062 2.4189372556894115 0.0 0.0 0.0 0.0 1.0
0.0 5.8806351886547645 2.417588989117985 0.0 0.0 0.0 0.0 1.0
0.0 5.8905436356989185 2.4162376707888145 0.0 0.0 0.0 0.0 1.0
0.0 5.900451472391524 2.414884521404997 0.0 0.0 0.0 0.0 1.0
0.0 5.910359309084129 2.4135289306149845 0.0 0.0 0.0 0.0 1.0
0.0 5.920266535425185 2.412172119121874 0.0 0.0 0.0 0.0 1.0
0.0 5.930173761766241 2.410813476574117 0.0 0.0 0.0 0.0 1.0
0.0 5.940082208810395 2.409463378948044 0.0 0.0 0.0 0.0 1.0
0.0 5.949993707612293 2.4081346436261812 0.0 0.0 0.0 0.0 1.0
0.0 5.959908258171936 2.4068309327178214 0.0 0.0 0.0 0.0 1.0
0.0 5.9698264708408715 2.4055534669260625 0.0 0.0 0.0 0.0 1.0
0.0 5.9797483456191 2.404304077305551 0.0 0.0 0.0 0.0 1.0
0.0 5.989673272155073 2.4030839845593848 0.0 0.0 0.0 0.0 1.0
0.0 5.9996024711518885 2.4018937990391125 0.0 0.0 0.0 0.0 1.0
0.0 6.009534721906448 2.400735351799381 0.0 0.0 0.0 0.0 1.0
0.0 6.019471245121849 2.399608032488641 0.0 0.0 0.0 0.0 1.0
0.0 6.029411430446544 2.398514282513088 0.0 0.0 0.0 0.0 1.0
0.0 6.039354667528983 2.397452270818076 0.0 0.0 0.0 0.0 1.0
0.0 6.049301566720715 2.3964244388097997 0.0 0.0 0.0 0.0 1.0
0.0 6.05925212802174 2.395428955433613 0.0 0.0 0.0 0.0 1.0
0.0 6.069205741080509 2.3944670413926135 0.0 0.0 0.0 0.0 1.0
0.0 6.079162405897023 2.3935368656321545 0.0 0.0 0.0 0.0 1.0
0.0 6.089122122471281 2.3926408695584316 0.0 0.0 0.0 0.0 1.0
0.0 6.099084890803283 2.3917766117652492 0.0 0.0 0.0 0.0 1.0
0.0 6.109050100541481 2.3909447026041564 0.0 0.0 0.0 0.0 1.0
0.0 6.119017751685874 2.3901439213720552 0.0 0.0 0.0 0.0 1.0
0.0 6.128979909666327 2.3892729497118355 0.0 0.0 0.0 0.0 1.0
0.0 6.138932302021999 2.3882963872336633 0.0 0.0 0.0 0.0 1.0
0.0 6.148871876995145 2.3871995855003663 0.0 0.0 0.0 0.0 1.0
0.0 6.158794972476471 2.385963013262381 0.0 0.0 0.0 0.0 1.0
0.0 6.168697316005137 2.3845671392701435 0.0 0.0 0.0 0.0 1.0
0.0 6.1785715833625545 2.3829875494617 0.0 0.0 0.0 0.0 1.0
0.0 6.188410450330139 2.3811979987204497 0.0 0.0 0.0 0.0 1.0
0.0 6.198202320228461 2.3791685798204982 0.0 0.0 0.0 0.0 1.0
0.0 6.207933765323446 2.3768669441297563 0.0 0.0 0.0 0.0 1.0
0.0 6.217586475068629 2.3742564705552924 0.0 0.0 0.0 0.0 1.0
0.0 6.227139087159799 2.3712980965979797 0.0 0.0 0.0 0.0 1.0
0.0 6.23664287112706 2.368186524401904 0.0 0.0 0.0 0.0 1.0
0.0 6.246144824039675 2.365070069393437 0.0 0.0 0.0 0.0 1.0
0.0 6.255645556249192 2.361949952275677 0.0 0.0 0.0 0.0 1.0
0.0 6.26514567810716 2.358826783400173 0.0 0.0 0.0 0.0 1.0
0.0 6.274644579262031 2.355701783470022 0.0 0.0 0.0 0.0 1.0
0.0 6.284142870065352 2.3525743421336758 0.0 0.0 0.0 0.0 1.0
0.0 6.293658250712042 2.3494987806789824 0.0 0.0 0.0 0.0 1.0
0.0 6.303264573739511 2.3467210707801316 0.0 0.0 0.0 0.0 1.0
0.0 6.31294597000749 2.344217408726718 0.0 0.0 0.0 0.0 1.0
0.0 6.322690232485002 2.3419682632691776 0.0 0.0 0.0 0.0 1.0
0.0 6.332484543789519 2.3399504410486545 0.0 0.0 0.0 0.0 1.0
0.0 6.34231974864781 2.338144410815585 0.0 0.0 0.0 0.0 1.0
0.0 6.352188522841288 2.3365306413204054 0.0 0.0 0.0 0.0 1.0
0.0 6.362084762854465 2.3350914323681993 0.0 0.0 0.0 0.0 1.0
0.0 6.372002365171852 2.3338090837640495 0.0 0.0 0.0 0.0 1.0
0.0 6.381937057332607 2.3326695574223324 0.0 0.0 0.0 0.0 1.0
0.0 6.391885787578985 2.3316569842027777 0.0 0.0 0.0 0.0 1.0
0.0 6.401845504153243 2.330760377777506 0.0 0.0 0.0 0.0 1.0
0.0 6.4118131552976365 2.3299602068969536 0.0 0.0 0.0 0.0 1.0
0.0 6.4217771443327365 2.3291124285955904 0.0 0.0 0.0 0.0 1.0
0.0 6.431736250555446 2.3282115497094766 0.0 0.0 0.0 0.0 1.0
0.0 6.441690473965764 2.3272526874262214 0.0 0.0 0.0 0.0 1.0
0.0 6.451637983509045 2.326229127878787 0.0 0.0 0.0 0.0 1.0
0.0 6.461578168833739 2.3251347675516856 0.0 0.0 0.0 0.0 1.0
0.0 6.471509198885201 2.323962892577879 0.0 0.0 0.0 0.0 1.0
0.0 6.481429852960332 2.3227061787387813 0.0 0.0 0.0 0.0 1.0
0.0 6.491338300004486 2.3213560811127083 0.0 0.0 0.0 0.0 1.0
0.0 6.501232098611467 2.319904054777976 0.0 0.0 0.0 0.0 1.0
0.0 6.5111094177266295 2.3183415548129007 0.0 0.0 0.0 0.0 1.0
0.0 6.5209665952406795 2.3166582052411515 0.0 0.0 0.0 0.0 1.0
0.0 6.530800579395873 2.314843019734849 0.0 0.0 0.0 0.0 1.0
0.0 6.5406070977313675 2.312885011966114 0.0 0.0 0.0 0.0 1.0
0.0 6.550381267434773 2.310772585255518 0.0 0.0 0.0 0.0 1.0
0.0 6.560142619755652 2.3086021751477803 0.0 0.0 0.0 0.0 1.0
0.0 6.569903972076531 2.3064293236338473 0.0 0.0 0.0 0.0 1.0
0.0 6.579664714045862 2.3042552514168166 0.0 0.0 0.0 0.0 1.0
0.0 6.589425456015192 2.3020793481451394 0.0 0.0 0.0 0.0 1.0
0.0 6.599185587632974 2.2999028345219132 0.0 0.0 0.0 0.0 1.0
0.0 6.608945719250755 2.297726320898687 0.0 0.0 0.0 0.0 1.0
0.0 6.618705850868537 2.2955485865723633 0.0 0.0 0.0 0.0 1.0
0.0 6.628465982486318 2.2933708522460394 0.0 0.0 0.0 0.0 1.0
0.0 6.638225503752551 2.2911925075681667 0.0 0.0 0.0 0.0 1.0
0.0 6.647975259394002 2.2889702175787763 0.0 0.0 0.0 0.0 1.0
0.0 6.657701821676596 2.2866472195838243 0.0 0.0 0.0 0.0 1.0
0.0 6.667402749194139 2.284219241122469 0.0 0.0 0.0 0.0 1.0
0.0 6.677074990188885 2.281681399382319 0.0 0.0 0.0 0.0 1.0
0.0 6.686717323957737 2.279029421902533 0.0 0.0 0.0 0.0 1.0
0.0 6.696326088391402 2.2762590362222683 0.0 0.0 0.0 0.0 1.0
0.0 6.705898231732135 2.2733647491775857 0.0 0.0 0.0 0.0 1.0
0.0 6.715430091870644 2.270342898659192 0.0 0.0 0.0 0.0 1.0
0.0 6.72495279673592 2.2672893098602573 0.0 0.0 0.0 0.0 1.0
0.0 6.734469398085707 2.264218631217955 0.0 0.0 0.0 0.0 1.0
0.0 6.743981726974653 2.26113330413848 0.0 0.0 0.0 0.0 1.0
0.0 6.753489173051207 2.258033328621832 0.0 0.0 0.0 0.0 1.0
0.0 6.762992957018469 2.254922366777305 0.0 0.0 0.0 0.0 1.0
0.0 6.772493078876437 2.2517998082533497 0.0 0.0 0.0 0.0 1.0
0.0 6.782023107960299 2.2487700231648207 0.0 0.0 0.0 0.0 1.0
0.0 6.7916208860660845 2.2459636267431735 0.0 0.0 0.0 0.0 1.0
0.0 6.801277868272109 2.2433665809027845 0.0 0.0 0.0 0.0 1.0
0.0 6.810984288953591 2.2409617958002856 0.0 0.0 0.0 0.0 1.0
0.0 6.820733434243493 2.238735843701602 0.0 0.0 0.0 0.0 1.0
0.0 6.830519200626327 2.236675296872659 0.0 0.0 0.0 0.0 1.0
0.0 6.840335484586603 2.234767948282479 0.0 0.0 0.0 0.0 1.0
0.0 6.850178013663481 2.2330009805485362 0.0 0.0 0.0 0.0 1.0
0.0 6.860166416760535 2.2325188028249388 0.0 0.0 0.0 0.0 1.0
0.0 6.87011697806156 2.231527591909594 0.0 0.0 0.0 0.0 1.0
0.0 6.879999790340662 2.2299998819828035 0.0 0.0 0.0 0.0 1.0
0.0 6.899999789893627 2.2099998824298384 0.0 0.0 0.0 0.0 1.0
0.0 6.9 2.2 0.0 0.0 0.0 0.0 1.0
