1711767600.1063137 0.049999943003058434 0.03999997861683369 0.0 0.0 0.0 -0.3826820461723502 0.9238801066899012
1711767600.1063137 0.0699999425560236 0.020000099095805104 0.0 0.0 0.0 -0.3826814407644339 0.9238803574567743
1711767600.1063137 0.08999994210898876 2.7199745685609396e-07 0.0 0.0 0.0 -0.38267998058012903 0.9238809622798773
1711767600.1063137 0.10999994166195393 -0.019999428663170206 0.0 0.0 0.0 -0.3826770721495797 0.9238821669731618
1711767600.1063137 0.1299999412149191 -0.03999887748470278 0.0 0.0 0.0 -0.3826715565964285 0.9238844515263077
1711767600.1063137 0.14999994076788425 -0.059997848727714805 0.0 0.0 0.0 -0.3826612894329233 0.9238887041032229
1711767600.1063137 0.16999994032084942 -0.07999593099517711 0.0 0.0 0.0 -0.38264239007954925 0.9238965317145693
1711767600.1063137 0.18999993987381458 -0.09999237698865084 0.0 0.0 0.0 -0.38260793976081847 0.9239107989584178
1711767600.1063137 0.20999993942677975 -0.11998584071193807 0.0 0.0 0.0 -0.3825457705751325 0.9239365418767017
1711767600.1063137 0.2299999389797449 -0.13997392385986568 0.0 0.0 0.0 -0.38243479075934866 0.9239824840422318
1711767600.1063137 0.24999993853271008 -0.15995240597335222 0.0 0.0 0.0 -0.3822390193850113 0.9240634891930235
1711767600.1063137 0.26999993808567524 -0.17991396399469603 0.0 0.0 0.0 -0.3818981604268933 0.9242044119471379
1711767600.1063137 0.2899999376386404 -0.19984609301957895 0.0 0.0 0.0 -0.38131316618472366 0.9244459255652444
1711767600.1063137 0.30999993719160557 -0.21972782608573993 0.0 0.0 0.0 -0.38032491477924174 0.9248529392277253
1711767600.1063137 0.32999993674457073 -0.2395247405803712 0.0 0.0 0.0 -0.3786840309437864 0.9255260151439102
1711767600.1063137 0.3499999362975359 -0.25918169415597586 0.0 0.0 0.0 -0.37601030771728217 0.926615480385664
1711767600.1063137 0.36999993585050106 -0.2786128808684795 0.0 0.0 0.0 -0.3717416547256075 0.9283362225734096
1711767600.1063137 0.3899999354034662 -0.29768935790764073 0.0 0.0 0.0 -0.365076136378993 0.9309776660299574
1711767600.1063137 0.4099999349564314 -0.31622547616034 0.0 0.0 0.0 -0.35491942294293843 0.9348968944316007
1711767600.1063137 0.42999993450939655 -0.3339679622891586 0.0 0.0 0.0 -0.3398712510692297 0.9404719733711562
1711767600.1063137 0.4499999340623617 -0.35059473698839977 0.0 0.0 0.0 -0.31833223780651243 0.9479792119941756
1711767600.1063137 0.4699999336153269 -0.3657338964481569 0.0 0.0 0.0 -0.28889349972561007 0.9573612410246661
1711767600.1063137 0.48999993316829205 -0.3790135368585436 0.0 0.0 0.0 -0.2512064104826466 0.9679335407621869
1711767600.1063137 0.5099999327212572 -0.39014439970076625 0.0 0.0 0.0 -0.20718795675276022 0.9783011553589295
1711767600.1063137 0.5299999322742224 -0.39901353641034776 0.0 0.0 0.0 -0.16137364868455273 0.9868933810246345
1711767600.1063137 0.5499999318271875 -0.4057338955517754 0.0 0.0 0.0 -0.11892751451146001 0.9929029390087062
1711767600.1063137 0.5699999313801527 -0.410594735643849 0.0 0.0 0.0 -0.08344720853269559 0.9965121993172491
1711767600.1063137 0.5899999309331179 -0.41396796049645124 0.0 0.0 0.0 -0.056170383377839035 0.9984211977072535
1711767600.1063137 0.609999930486083 -0.4162254739194628 0.0 0.0 0.0 -0.03652376269952104 0.999332784791067
1711767600.1063137 0.6299999300390482 -0.41768935521850936 0.0 0.0 0.0 -0.023069627767224366 0.9997338607222833
1711767600.1063137 0.6499999295920134 -0.41861287773084627 0.0 0.0 0.0 -0.014216010132194201 0.9998989474221489
1711767600.1063137 0.6699999291449785 -0.4191816905692439 0.0 0.0 0.0 -0.008575203552797176 0.999963232266081
1711767600.1063137 0.6899999286979437 -0.41952473654322203 0.0 0.0 0.0 -0.00507693011947636 0.9999871123072347
1711767600.1063137 0.7099999282509089 -0.41972782159538896 0.0 0.0 0.0 -0.0029566231695044264 0.9999956291801647
1711767600.1063137 0.729999927803874 -0.41984608807029233 0.0 0.0 0.0 -0.0016967553242235027 0.9999985605096487
1711767600.1063137 0.7499999273568392 -0.4199139585748412 0.0 0.0 0.0 -0.0009610358077463064 0.9999995382049814
1711767600.1063137 0.7699999269098043 -0.4199524000595481 0.0 0.0 0.0 -0.0005379334251561507 0.9999998553138045
1711767600.1063137 0.7899999264627695 -0.4199739174054132 0.0 0.0 0.0 -0.00029790543189492336 0.9999999556261758
1711767600.1063137 0.8099999260157347 -0.41998583362400893 0.0 0.0 0.0 -0.00016338648342772953 0.9999999866524284
1711767600.1063137 0.8299999255686998 -0.41999236908346166 0.0 0.0 0.0 -8.882067003859491e-05 0.9999999960554443
1711767600.1063137 0.849999925121665 -0.41999592191022583 0.0 0.0 0.0 -4.78960108139242e-05 0.9999999988529861
1711767600.1063137 0.8699999246746302 -0.41999783775062216 0.0 0.0 0.0 -2.5636755475034666e-05 0.9999999996713784
1711767600.1063137 0.8899999242275953 -0.41999886322081925 0.0 0.0 0.0 -1.3629303998978254e-05 0.9999999999071211
1711767600.1063137 0.9099999237805605 -0.4199994083929672 0.0 0.0 0.0 -7.201307795331361e-06 0.9999999999740706
1711767600.1063137 0.9299999233335257 -0.4199996964452726 0.0 0.0 0.0 -3.785158093774251e-06 0.9999999999928363
1711767600.1063137 0.9499999228864908 -0.41999984785159294 0.0 0.0 0.0 -1.983605356275737e-06 0.9999999999980327
1711767600.1063137 0.969999922439456 -0.4199999271958054 0.0 0.0 0.0 -1.043843679286796e-06 0.9999999999994552
1711767600.1063137 0.9899999219924212 -0.41999996894955166 0.0 0.0 0.0 -5.655839256784744e-07 0.99999999999984
1711767600.1063137 1.0099999215453863 -0.4199999915729082 0.0 0.0 0.0 -3.417161741121625e-07 0.9999999999999416
1711767600.1063137 1.0299999210983515 -0.42000000524155484 0.0 0.0 0.0 -2.74021374221113e-07 0.9999999999999625
1711767600.1063137 1.0499999206513166 -0.42000001620240957 0.0 0.0 0.0 -3.325038430081327e-07 0.9999999999999447
1711767600.1063137 1.0699999202042818 -0.420000029502563 0.0 0.0 0.0 -5.428074264268066e-07 0.9999999999998527
1711767600.1063137 1.089999919757247 -0.42000005121485956 0.0 0.0 0.0 -9.968174786348353e-07 0.9999999999995032
1711767600.1063137 1.1099999193102121 -0.4200000910875578 0.0 0.0 0.0 -1.890485449353297e-06 0.999999999998213
1711767600.1063137 1.1299999188631773 -0.4200001667069741 0.0 0.0 0.0 -3.603201008371763e-06 0.9999999999935085
1711767600.1063137 1.1499999184161425 -0.4200003108350112 0.0 0.0 0.0 -6.848094156948698e-06 0.9999999999765518
1711767600.1063137 1.1699999179691076 -0.4200005847587714 0.0 0.0 0.0 -1.2947141470296547e-05 0.9999999999161857
1711767600.1063137 1.1899999175220728 -0.42000110264441876 0.0 0.0 0.0 -2.4325830866639702e-05 0.999999999704127
1711767600.1063137 1.209999917075038 -0.42000207567763254 0.0 0.0 0.0 -4.538986960730834e-05 0.9999999989698799
1711767600.1063137 1.2299999166280031 -0.42000389127238186 0.0 0.0 0.0 -8.405617775278506e-05 0.9999999964672794
1711767600.1063137 1.2499999161809683 -0.42000725351945245 0.0 0.0 0.0 -0.0001543826364114425 0.9999999880830007
1711767600.1063137 1.2699999157339334 -0.42001342882499165 0.0 0.0 0.0 -0.00028099973988036697 0.9999999605195723
1711767600.1063137 1.2899999152868986 -0.4200246688156669 0.0 0.0 0.0 -0.0005064125547155242 0.999999871773154
1711767600.1063137 1.3099999148398638 -0.42004492532519505 0.0 0.0 0.0 -0.0009027099696883864 0.9999995925572723
1711767600.1063137 1.329999914392829 -0.4200810337673119 0.0 0.0 0.0 -0.0015897210344656338 0.999998736392718
1711767600.1063137 1.349999913945794 -0.42014462284832416 0.0 0.0 0.0 -0.0027619786743233316 0.999996185729627
1711767600.1063137 1.3699999134987593 -0.42025510325703574 0.0 0.0 0.0 -0.004726484659527739 0.9999888301089984
1711767600.1063137 1.3899999130517244 -0.420444168974745 0.0 0.0 0.0 -0.007951208787482527 0.9999683886397699
1711767600.1063137 1.4099999126046896 -0.42076224748413626 0.0 0.0 0.0 -0.01311871198285649 0.9999139459953096
1711767600.1063137 1.4299999121576548 -0.4212871314607133 0.0 0.0 0.0 -0.021167469931393647 0.999775944007808
1711767600.1063137 1.44999991171062 -0.4221343997882245 0.0 0.0 0.0 -0.03328198746079624 0.9994460011979934
1711767600.1063137 1.469999911263585 -0.423467895932195 0.0 0.0 0.0 -0.05076069518138689 0.9987108449519823
1711767600.1063137 1.4899999108165503 -0.4255062101953216 0.0 0.0 0.0 -0.07466121450660114 0.9972089565624646
1711767600.1063137 1.5099999103695154 -0.42851789950235486 0.0 0.0 0.0 -0.1051513778015586 0.9944562271645916
1711767600.1063137 1.5299999099224806 -0.43279522426044675 0.0 0.0 0.0 -0.14069563369378932 0.9900528968997077
1711767600.1063137 1.5499999094754457 -0.4385967545408439 0.0 0.0 0.0 -0.17761639067415644 0.9840998007132638
1711767600.1063137 1.569999909028411 -0.44605929477463285 0.0 0.0 0.0 -0.21078718315906939 0.9775319756488097
1711767600.1063137 1.589999908581376 -0.45510518305917425 0.0 0.0 0.0 -0.2355635107239367 0.9718589570587975
1711767600.1063137 1.6099999081343412 -0.46540572023704435 0.0 0.0 0.0 -0.24979423839796006 0.9682989406496235
1711767600.1063137 1.6299999076873064 -0.47646028706134685 0.0 0.0 0.0 -0.25382119937747455 0.9672511559809998
1711767600.1063137 1.6499999072402716 -0.4877331542579467 0.0 0.0 0.0 -0.24954207782377966 0.9683639560595958
1711767600.1063137 1.6699999067932367 -0.4987741264359542 0.0 0.0 0.0 -0.23922743506398925 0.9709635597244135
1711767600.1063137 1.689999906346202 -0.5092663004233111 0.0 0.0 0.0 -0.22427172268886547 0.9745266514581161
1711767600.1063137 1.709999905899167 -0.5189864560624938 0.0 0.0 0.0 -0.2053811773414521 0.9786820586859857
1711767600.1063137 1.7299999054521322 -0.5277673523065118 0.0 0.0 0.0 -0.18254768011738537 0.9831970018687816
1711767600.1063137 1.7499999050050974 -0.5354592068390727 0.0 0.0 0.0 -0.15610707963179415 0.9877401377330136
1711767600.1063137 1.7699999045580626 -0.5419429457522013 0.0 0.0 0.0 -0.1270811947755625 0.9918923177111594
1711767600.1063137 1.7899999041110277 -0.5471532696803638 0.0 0.0 0.0 -0.09788252384105592 0.9951979760462263
1711767600.1063137 1.8099999036639929 -0.5511258924845396 0.0 0.0 0.0 -0.07106503920875788 0.9974716839100034
1711767600.1063137 1.829999903216958 -0.5539902382602931 0.0 0.0 0.0 -0.04815903168952894 0.9988396806628814
1711767600.1063137 1.8499999027699232 -0.5559233311054683 0.0 0.0 0.0 -0.029351818346809437 0.9995691425608015
1711767600.1063137 1.8699999023228884 -0.557098923569703 0.0 0.0 0.0 -0.013771197259214916 0.9999051725669028
1711767600.1063137 1.8899999018758535 -0.5576499282037797 0.0 0.0 0.0 7.681251807569982e-05 0.9999999970499185
1711767600.1063137 1.9099999014288187 -0.5576468557030981 0.0 0.0 0.0 0.013953632896292603 0.9999026433253367
1711767600.1063137 1.9299999009817839 -0.5570885473292895 0.0 0.0 0.0 0.02962992532598453 0.9995609373745937
1711767600.1063137 1.949999900534749 -0.5559017869274486 0.0 0.0 0.0 0.04862922889192275 0.9988168991849191
1711767600.1063137 1.9699999000877142 -0.5539496864847296 0.0 0.0 0.0 0.0718787922538047 0.9974133742958003
1711767600.1063137 1.9899998996406794 -0.5510520299628857 0.0 0.0 0.0 0.09927950081754018 0.9950595865160137
1711767600.1063137 2.0099998991936445 -0.5470210063726016 0.0 0.0 0.0 0.12943280496039875 0.9915881952706392
1711767600.1063137 2.0299998987466097 -0.5417092714197375 0.0 0.0 0.0 0.1599770877915892 0.9871207278655039
1711767600.1063137 2.049999898299575 -0.5350518407534369 0.0 0.0 0.0 0.1887798900667627 0.9820194260331009
1711767600.1063137 2.06999989785254 -0.5270673177294947 0.0 0.0 0.0 0.21520999904338625 0.9765677940172641
1711767600.1063137 2.089999897405505 -0.5178024176983929 0.0 0.0 0.0 0.23944719886354537 0.9709093876136958
1711767600.1063137 2.1099998969584703 -0.5072986955808235 0.0 0.0 0.0 0.2621238592686869 0.9650342389791616
1711767600.1063137 2.1299998965114355 -0.4955684046606072 0.0 0.0 0.0 0.2832663439942114 0.9590412808425678
1711767600.1063137 2.1499998960644007 -0.4826246274613062 0.0 0.0 0.0 0.30232670642078663 0.9532043655925835
1711767600.1063137 2.169999895617366 -0.468518893553129 0.0 0.0 0.0 0.31807019383784746 0.9480671662872595
1711767600.1063137 2.189999895170331 -0.45339711843403663 0.0 0.0 0.0 0.32963956920319504 0.9441068554011945
1711767600.1063137 2.209999894723296 -0.4374919333795131 0.0 0.0 0.0 0.33708436609883397 0.9414744447576616
1711767600.1063137 2.2299998942762613 -0.4210645235419182 0.0 0.0 0.0 0.3413560594855242 0.9399340618641902
1711767600.1063137 2.2499998938292265 -0.40433063947361386 0.0 0.0 0.0 0.3440850578677602 0.9389384819849169
1711767600.1063137 2.2699998933821917 -0.38739824633011805 0.0 0.0 0.0 0.3471070606828101 0.937825510649044
1711767600.1063137 2.289999892935157 -0.37024348823448067 0.0 0.0 0.0 0.3515899381266963 0.9361541087919584
1711767600.1063137 2.309999892488122 -0.3527538017911654 0.0 0.0 0.0 0.35724646962224127 0.9340101498069735
1711767600.1063137 2.329999892041087 -0.33483252044596923 0.0 0.0 0.0 0.363138333674942 0.9317352363283179
1711767600.1063137 2.3499998915940523 -0.31645052128736423 0.0 0.0 0.0 0.3684551465694502 0.9296455265134582
1711767600.1063137 2.3699998911470175 -0.29764248734924104 0.0 0.0 0.0 0.3727838194209383 0.9279182205226586
1711767600.1063137 2.3899998906999826 -0.2784800487827545 0.0 0.0 0.0 0.3760518526803087 0.9265986208147017
1711767600.1063137 2.409999890252948 -0.2590453754818632 0.0 0.0 0.0 0.3783815475170963 0.9256497201958025
1711767600.1063137 2.429999889805913 -0.23941410493805657 0.0 0.0 0.0 0.37996879188586763 0.9249993065904397
1711767600.1063137 2.449999889358878 -0.21964765831639294 0.0 0.0 0.0 0.38101100346241473 0.9245705031205375
1711767600.1063137 2.4699998889118433 -0.19979190110936645 0.0 0.0 0.0 0.38167453841927645 0.9242967849789548
1711767600.1063137 2.4899998884648085 -0.17987905317674144 0.0 0.0 0.0 0.3820860230030457 0.9241267613405187
1711767600.1063137 2.5099998880177736 -0.15993071043087093 0.0 0.0 0.0 0.382335473147111 0.9240235851824209
1711767600.1063137 2.529999887570739 -0.13996081612604766 0.0 0.0 0.0 0.3824837295865784 0.9239622268261518
1711767600.1063137 2.549999887123704 -0.1199781008663213 0.0 0.0 0.0 0.3825703223290567 0.9239263761106952
1711767600.1063137 2.569999886676669 -0.0999878930211614 0.0 0.0 0.0 0.38262012541975193 0.9239057525655814
1711767600.1063137 2.5899998862296343 -0.07999337447468859 0.0 0.0 0.0 0.38264837890384895 0.9238940513512663
1711767600.1063137 2.6099998857825994 -0.05999640999494503 0.0 0.0 0.0 0.3826642115517701 0.9238874937986021
1711767600.1063137 2.6299998853355646 -0.03999807472219756 0.0 0.0 0.0 0.3826729863323016 0.9238838593305536
1711767600.1063137 2.6499998848885298 -0.01999897968299323 0.0 0.0 0.0 0.38267780116633876 0.9238818650100759
1711767600.1063137 2.669999884441495 5.322632939098507e-07 0.0 0.0 0.0 0.3826804192779629 0.923880780567083
1711767600.1063137 2.68999988399446 0.02000027091078254 0.0 0.0 0.0 0.3826818311798273 0.9238801957423127
1711767600.1063137 2.7099998835474253 0.04000013181544601 0.0 0.0 0.0 0.3826825868541295 0.9238798827329403
1711767600.1063137 2.7299998831003904 0.0600000581546032 0.0 0.0 0.0 0.3826829885026197 0.9238797163650168
1711767600.1063137 2.7499998826533556 0.08000001927294793 0.0 0.0 0.0 0.38268320061955924 0.9238796285033944
1711767600.1063137 2.7699998822063208 0.09999999875876028 0.0 0.0 0.0 0.3826833119802958 0.923879582376292
1711767600.1063137 2.789999881759286 0.11999998788744372 0.0 0.0 0.0 0.38268337012409037 0.9238795582923504
1711767600.1063137 2.809999881312251 0.13999998205087602 0.0 0.0 0.0 0.38268340032754056 0.9238795457816735
1711767600.1063137 2.8299998808652163 0.159999978829666 0.0 0.0 0.0 0.38268341594254296 0.9238795393137282
1711767600.1063137 2.8499998804181814 0.17999997696058032 0.0 0.0 0.0 0.38268342397956934 0.923879535984683
1711767600.1063137 2.8699998799711466 0.19999997578743176 0.0 0.0 0.0 0.38268342809902095 0.9238795342783503
1711767600.1063137 2.8899998795241117 0.21999997497099216 0.0 0.0 0.0 0.3826834302022439 0.9238795334071669
1711767600.1063137 2.909999879077077 0.23999997433667353 0.0 0.0 0.0 0.38268343127212273 0.9238795329640085
1711767600.1063137 2.929999878630042 0.2599999737949972 0.0 0.0 0.0 0.3826834318144733 0.9238795327393595
1711767600.1063137 2.9499998781830072 0.2799999733002837 0.0 0.0 0.0 0.38268343208850836 0.9238795326258505
1711767600.1063137 2.9699998777359724 0.2999999728292993 0.0 0.0 0.0 0.3826834322265436 0.9238795325686745
1711767600.1063137 2.9899998772889376 0.31999997237026756 0.0 0.0 0.0 0.3826834322958708 0.9238795325399581
1711767600.1063137 3.0099998768419027 0.33999997191723896 0.0 0.0 0.0 0.38268343233059376 0.9238795325255754
1711767600.1063137 3.029999876394868 0.3599999714672171 0.0 0.0 0.0 0.3826834323479392 0.9238795325183907
1711767600.1063137 3.049999875947833 0.37999997101869715 0.0 0.0 0.0 0.38268343235658275 0.9238795325148105
1711767600.1063137 3.0699998755007982 0.3999999705709257 0.0 0.0 0.0 0.3826834323608786 0.9238795325130311
1711767600.1063137 3.0899998750537634 0.4199999701235262 0.0 0.0 0.0 0.3826834323630101 0.9238795325121482
1711767600.1063137 3.1099998746067286 0.4399999696763113 0.0 0.0 0.0 0.38268343236406405 0.9238795325117116
1711767600.1063137 3.1299998741596937 0.4599999692291876 0.0 0.0 0.0 0.38268343236458524 0.9238795325114957
1711767600.1063137 3.149999873712659 0.4799999687821091 0.0 0.0 0.0 0.3826834323648417 0.9238795325113895
1711767600.1063137 3.169999873265624 0.4999999683350528 0.0 0.0 0.0 0.38268343236496793 0.9238795325113373
1711767600.1063137 3.189999872818589 0.5199999678880074 0.0 0.0 0.0 0.3826834323650308 0.9238795325113112
1711767600.1063137 3.2099998723715544 0.5399999674409675 0.0 0.0 0.0 0.38268343236506025 0.923879532511299
1711767600.1063137 3.2299998719245195 0.5599999669939301 0.0 0.0 0.0 0.3826834323650756 0.9238795325112926
1711767600.1063137 3.2499998714774847 0.579999966546894 0.0 0.0 0.0 0.38268343236508334 0.9238795325112894
1711767600.1063137 3.26999987103045 0.5999999660998586 0.0 0.0 0.0 0.3826834323650872 0.9238795325112878
1711767600.1063137 3.289999870583415 0.6199999656528236 0.0 0.0 0.0 0.38268343236508845 0.9238795325112873
1711767600.1063137 3.30999987013638 0.6399999652057886 0.0 0.0 0.0 0.3826834323650898 0.9238795325112867
1711767600.1063137 3.3299998696893454 0.6599999647587538 0.0 0.0 0.0 0.3826834323650898 0.9238795325112867
1711767600.1063137 3.3499998692423105 0.6799999643117189 0.0 0.0 0.0 0.3826834323650898 0.9238795325112867
1711767600.1063137 3.3699998687952757 0.6999999638646841 0.0 0.0 0.0 0.3826834323650898 0.9238795325112867
1711767600.1063137 3.389999868348241 0.7199999634176493 0.0 0.0 0.0 0.3826834323650898 0.9238795325112867
1711767600.1063137 3.409999867901206 0.7399999629706144 0.0 0.0 0.0 0.3826834323650898 0.9238795325112867
1711767600.1063137 3.429999867454171 0.7599999625235796 0.0 0.0 0.0 0.3826834323650898 0.9238795325112867
1711767600.1063137 3.4499998670071363 0.7799999620765448 0.0 0.0 0.0 0.3826834323650898 0.9238795325112867
1711767600.1063137 3.4699998665601015 0.7999999616295099 0.0 0.0 0.0 0.3826834323650949 0.9238795325112846
1711767600.1063137 3.4899998661130662 0.8199999611824751 0.0 0.0 0.0 0.3826834323651 0.9238795325112825
1711767600.1063137 3.5099998656660305 0.8399999607354403 0.0 0.0 0.0 0.3826834323651154 0.9238795325112762
1711767600.1063137 3.5299998652189934 0.8599999602884054 0.0 0.0 0.0 0.3826834323651462 0.9238795325112634
1711767600.1063137 3.5499998647719537 0.8799999598413706 0.0 0.0 0.0 0.3826834323651975 0.9238795325112421
1711767600.1063137 3.5699998643249096 0.8999999593943357 0.0 0.0 0.0 0.38268343236531543 0.9238795325111933
1711767600.1063137 3.589999863877855 0.9199999589473009 0.0 0.0 0.0 0.3826834323655513 0.9238795325110956
1711767600.1063137 3.6099998634307804 0.9399999585002661 0.0 0.0 0.0 0.3826834323660488 0.9238795325108895
1711767600.1063137 3.6299998629836625 0.9599999580532312 0.0 0.0 0.0 0.3826834323670437 0.9238795325104774
1711767600.1063137 3.6499998625364585 0.9799999576061964 0.0 0.0 0.0 0.3826834323690593 0.9238795325096425
1711767600.1063137 3.66999986208908 0.9999999571591616 0.0 0.0 0.0 0.38268343237315183 0.9238795325079473
1711767600.1063137 3.689999861641347 1.0199999567121267 0.0 0.0 0.0 0.3826834323814294 0.9238795325045187
1711767600.1063137 3.7099998611928973 1.039999956265092 0.0 0.0 0.0 0.3826834323981177 0.9238795324976061
1711767600.1063137 3.7299998607430025 1.059999955818057 0.0 0.0 0.0 0.3826834324316995 0.9238795324836961
1711767600.1063137 3.7499998602902 1.0799999553710222 0.0 0.0 0.0 0.38268343249911446 0.9238795324557719
1711767600.1063137 3.7699998598315596 1.0999999549239874 0.0 0.0 0.0 0.3826834326340418 0.9238795323998832
1711767600.1063137 3.789999859361236 1.1199999544769526 0.0 0.0 0.0 0.38268343290338874 0.923879532288316
1711767600.1063137 3.809999858867589 1.1399999540299177 0.0 0.0 0.0 0.38268343343951833 0.9238795320662438
1711767600.1063137 3.829999858327518 1.1599999535828829 0.0 0.0 0.0 0.38268343450347947 0.9238795316255367
1711767600.1063137 3.849999857695317 1.179999953135848 0.0 0.0 0.0 0.38268343660825155 0.9238795307537115
1711767600.1063137 3.869999856880861 1.1999999526888132 0.0 0.0 0.0 0.3826834407582428 0.9238795290347289
1711767600.1063137 3.8899998557070514 1.2199999522417784 0.0 0.0 0.0 0.3826834489121076 0.9238795256572874
1711767600.1063137 3.9099998538271876 1.2399999517947435 0.0 0.0 0.0 0.38268346487334726 0.9238795190459249
1711767600.1063137 3.9299998505652183 1.2599999513477087 0.0 0.0 0.0 0.38268349599455564 0.9238795061550965
1711767600.1063137 3.949999844608421 1.2799999509006736 0.0 0.0 0.0 0.38268355642040774 0.9238794811258818
1711767600.1063137 3.969999833419268 1.2999999504536384 0.0 0.0 0.0 0.3826836732204869 0.9238794327456779
1711767600.1063137 3.989999812116242 1.3199999500066024 0.0 0.0 0.0 0.38268389790979374 0.923879339676219
1711767600.1063137 4.009999771357085 1.3399999495595651 0.0 0.0 0.0 0.3826843279313248 0.9238791615550976
1711767600.1063137 4.029999693361869 1.3599999491125252 0.0 0.0 0.0 0.38268514639493006 0.9238788225350179
1711767600.1063137 4.049999544495119 1.3799999486654801 0.0 0.0 0.0 0.38268669493773894 0.9238781811026981
1711767600.1063137 4.069999261539203 1.3999999482184242 0.0 0.0 0.0 0.38268960600824437 0.9238769752803967
1711767600.1063137 4.089998726514286 1.4199999477713463 0.0 0.0 0.0 0.38269504042689023 0.9238747242092192
1711767600.1063137 4.1099977209317835 1.4399999473242238 0.0 0.0 0.0 0.3827051088087448 0.9238705535364177
1711767600.1063137 4.129995843570481 1.4599999468770108 0.0 0.0 0.0 0.38272360887883666 0.9238628898309311
1711767600.1063137 4.149992364454765 1.4799999464296147 0.0 0.0 0.0 0.3827572953362943 0.9238489340075274
1711767600.1063137 4.169985969027419 1.499999945981849 0.0 0.0 0.0 0.3828180278466772 0.9238237697502596
1711767600.1063137 4.189974316814248 1.51999994553334 0.0 0.0 0.0 0.38292632949946054 0.923778883811527
1711767600.1063137 4.209953293474928 1.539999945083338 0.0 0.0 0.0 0.3831171404432968 0.9236997654533378
1711767600.1063137 4.229915769213025 1.5599999446303465 0.0 0.0 0.0 0.38344885847045995 0.9235621110340664
1711767600.1063137 4.249849587690883 1.5799999441713855 0.0 0.0 0.0 0.38401706755043685 0.9233259943432565
1711767600.1063137 4.26973440364971 1.599999943700537 0.0 0.0 0.0 0.38497453778177015 0.9229271939106098
1711767600.1063137 4.289536889489736 1.619999943206088 0.0 0.0 0.0 0.38655888300112157 0.9222647287915359
1711767600.1063137 4.309203804348904 1.6399999426649312 0.0 0.0 0.0 0.38912824039377436 0.9211835932798874
1711767600.1063137 4.3286525914278 1.6599999420316387 0.0 0.0 0.0 0.3932027177039476 0.9194518055832126
1711767600.1063137 4.347759758319986 1.6799999412172348 0.0 0.0 0.0 0.3995036856628483 0.9167315883844083
1711767600.1063137 4.366348605578176 1.6999999400481327 0.0 0.0 0.0 0.40897131722345753 0.9125472380586718
1711767600.1063137 4.384180191692297 1.719999938187094 0.0 0.0 0.0 0.4227175763104023 0.9062614692671531
1711767600.1063137 4.400954713348184 1.7399999349818782 0.0 0.0 0.0 0.44183160011396033 0.8970980086594427
1711767600.1063137 4.416333658943923 1.759999929177053 0.0 0.0 0.0 0.46691335387094757 0.884303070206693
1711767600.1063137 4.429992976367327 1.7799999183685986 0.0 0.0 0.0 0.49727695189483107 0.8675918586029873
1711767600.1063137 4.441708126608683 1.7999998979785758 0.0 0.0 0.0 0.5301866796935077 0.8478809377946728
1711767600.1063137 4.451447149133459 1.819999859341431 0.0 0.0 0.0 0.5612271457922225 0.8276618215345657
1711767600.1063137 4.45941360388643 1.8399997861604802 0.0 0.0 0.0 0.5865179739174332 0.8099362112362857
1711767600.1063137 4.465981256466753 1.859999648003589 0.0 0.0 0.0 0.6044098105465155 0.7966735723714734
1711767600.1063137 4.471575532175852 1.8799993884790502 0.0 0.0 0.0 0.6155991594224383 0.7880594361584585
1711767600.1063137 4.476565331217926 1.899998903971023 0.0 0.0 0.0 0.6220081710748127 0.7830107503196662
1711767600.1063137 4.481209753382877 1.9199980058567259 0.0 0.0 0.0 0.6250808151364146 0.7805600390414535
1711767600.1063137 4.485688622658481 1.939996354285726 0.0 0.0 0.0 0.6244361536672703 0.7810758541865349
1711767600.1063137 4.490201876679748 1.959993343915329 0.0 0.0 0.0 0.6189195329276168 0.7854543982693462
1711767600.1063137 4.495011540905286 1.9799879102704525 0.0 0.0 0.0 0.6078948449301815 0.7940175423171144
1711767600.1063137 4.500414739491904 1.9999782084500652 0.0 0.0 0.0 0.5919546132408791 0.8059712996520666
1711767600.1063137 4.506680185535546 2.0199610932848318 0.0 0.0 0.0 0.572843130368225 0.8196650218167986
1711767600.1063137 4.51398925273826 2.0399313036650746 0.0 0.0 0.0 0.5525035788499336 0.8335105250433344
1711767600.1063137 4.5224250876964085 2.0598802310218227 0.0 0.0 0.0 0.531838222287768 0.8468459749646252
1711767600.1063137 4.532026360991055 2.0797941511651783 0.0 0.0 0.0 0.5110252005864387 0.8595657301018871
1711767600.1063137 4.542824248599072 2.099651856761617 0.0 0.0 0.0 0.4896872099236722 0.8718981800859372
1711767600.1063137 4.554872918387193 2.119421808042345 0.0 0.0 0.0 0.46781474512417043 0.8838265464696156
1711767600.1063137 4.568226028821102 2.1390593118866623 0.0 0.0 0.0 0.4458388469681238 0.8951132456477973
1711767600.1063137 4.5829038257792405 2.158504933381435 0.0 0.0 0.0 0.4248660389611868 0.9052562338572606
1711767600.1063137 4.598837372814855 2.1776863334714167 0.0 0.0 0.0 0.4058381877562546 0.9139449465688396
1711767600.1063137 4.615868515611197 2.196526692982416 0.0 0.0 0.0 0.38922165111624496 0.9211441289517858
1711767600.1063137 4.63378926175357 2.2149628236047225 0.0 0.0 0.0 0.3752712255117263 0.9269150485901753
1711767600.1063137 4.652385825973564 2.2329729199264206 0.0 0.0 0.0 0.3643648618548052 0.931256273775124
1711767600.1063137 4.671468726772399 2.2506049446624905 0.0 0.0 0.0 0.35694594806678226 0.9341250398949308
1711767600.1063137 4.690886149703027 2.2679816862757036 0.0 0.0 0.0 0.3528527038248872 0.9356788815632564
1711767600.1063137 4.71052511899961 2.285249400209624 0.0 0.0 0.0 0.35056103252384335 0.9365398883527689
1711767600.1063137 4.730306189400676 2.3024710659799736 0.0 0.0 0.0 0.3479590320717426 0.9375097396825784
1711767600.1063137 4.750175947113023 2.3195768810983513 0.0 0.0 0.0 0.3431426496305664 0.9392833023132661
1711767600.1063137 4.77009976807744 2.336376247088201 0.0 0.0 0.0 0.3347640143592234 0.9423019976048537
1711767600.1063137 4.7900558784150045 2.3526036115050935 0.0 0.0 0.0 0.3221522870392187 0.9466878598331135
1711767600.1063137 4.810030931184589 2.367978850166447 0.0 0.0 0.0 0.30543027669209233 0.9522144433266028
1711767600.1063137 4.830016922137374 2.382270592600615 0.0 0.0 0.0 0.28553483632312393 0.958368330677682
1711767600.1063137 4.850009141169581 2.3953439873775326 0.0 0.0 0.0 0.26372860920270425 0.9645969213552401
1711767600.1063137 4.870004862151282 2.4071613422088345 0.0 0.0 0.0 0.24056249149690587 0.9706336526644855
1711767600.1063137 4.8900025301226755 2.4177225340994624 0.0 0.0 0.0 0.2159988771859527 0.9763936117439563
1711767600.1063137 4.910001269584793 2.4270261272130194 0.0 0.0 0.0 0.18939368990784658 0.9819012324175433
1711767600.1063137 4.93000059328885 2.4350393819918206 0.0 0.0 0.0 0.16056785436761156 0.9870248042191145
1711767600.1063137 4.950000232879928 2.4417232957632713 0.0 0.0 0.0 0.1301795446981036 0.9914904367376391
1711767600.1063137 4.97000004195012 2.4470672420792305 0.0 0.0 0.0 0.10042679226022737 0.9949444504073185
1711767600.1063137 4.989999941306022 2.4511462634227263 0.0 0.0 0.0 0.07379163137952914 0.9972736811619706
1711767600.1063137 5.009999888445829 2.4541222837985455 0.0 0.0 0.0 0.05187175984256963 0.9986537540763739
1711767600.1063137 5.029999860722919 2.456205568939352 0.0 0.0 0.0 0.03507710441237613 0.9993846090199925
1711767600.1063137 5.049999846149839 2.4576112477523377 0.0 0.0 0.0 0.02294024227468313 0.9997368380150743
1711767600.1063137 5.0699998384199425 2.458529582164409 0.0 0.0 0.0 0.014576627477314755 0.999893755321728
1711767600.1063137 5.089999834233986 2.45911283304996 0.0 0.0 0.0 0.009033771818732876 0.9999591946508253
1711767600.1063137 5.109999831875046 2.459474228121247 0.0 0.0 0.0 0.005477879042878129 0.9999849963080404
1711767600.1063137 5.129999830454002 2.459693353130495 0.0 0.0 0.0 0.0032586042994427345 0.9999946907349156
1711767600.1063137 5.149999829512508 2.459823699372469 0.0 0.0 0.0 0.0019058365437555108 0.9999981838918851
1711767600.1063137 5.16999982881529 2.4598999332469087 0.0 0.0 0.0 0.0010979559096230315 0.9999993972462287
1711767600.1063137 5.189999828242067 2.4599438515614507 0.0 0.0 0.0 0.0006240499826286548 0.9999998052807907
1711767600.1063137 5.209999827731575 2.4599688135747004 0.0 0.0 0.0 0.0003504131807763047 0.9999999386052995
1711767600.1063137 5.229999827252718 2.4599828301041775 0.0 0.0 0.0 0.00019461571720685457 0.9999999810623611
1711767600.1063137 5.249999826789768 2.459990614733128 0.0 0.0 0.0 0.0001070172514903992 0.9999999942736539
1711767600.1063137 5.269999826334794 2.4599948954231636 0.0 0.0 0.0 5.831674228684004e-05 0.9999999982995788
1711767600.1063137 5.2899998258838075 2.4599972280928144 0.0 0.0 0.0 3.1516185344797406e-05 0.999999999503365
1711767600.1063137 5.3099998254348115 2.4599984887402018 0.0 0.0 0.0 1.6903312876651684e-05 0.999999999857139
1711767600.1063137 5.329999824986805 2.459999164872702 0.0 0.0 0.0 9.002647250407047e-06 0.9999999999594762
1711767600.1063137 5.34999982453929 2.459999524978584 0.0 0.0 0.0 4.7638912324004134e-06 0.9999999999886526
1711767600.1063137 5.369999824092019 2.459999715534229 0.0 0.0 0.0 2.5058456314856013e-06 0.9999999999968604
1711767600.1063137 5.3899998236448665 2.459999815768052 0.0 0.0 0.0 1.3107911493893416e-06 0.9999999999991409
1711767600.1063137 5.409999823197774 2.459999868199697 0.0 0.0 0.0 6.821286244002104e-07 0.9999999999997673
1711767600.1063137 5.429999822750711 2.459999895484841 0.0 0.0 0.0 3.532669236165408e-07 0.9999999999999376
1711767600.1063137 5.4499998223036625 2.459999909615518 0.0 0.0 0.0 1.82129060351849e-07 0.9999999999999835
1711767600.1063137 5.4699998218566215 2.45999991690068 0.0 0.0 0.0 9.350116445809541e-08 0.9999999999999957
1711767600.1063137 5.489999821409584 2.4599999206407266 0.0 0.0 0.0 4.7810489969883975e-08 0.9999999999999989
1711767600.1063137 5.509999820962548 2.459999922553146 0.0 0.0 0.0 2.435445233297514e-08 0.9999999999999997
1711767600.1063137 5.529999820515513 2.459999923527324 0.0 0.0 0.0 1.2359202826521383e-08 0.9999999999999999
1711767600.1063137 5.549999820068479 2.4599999240216923 0.0 0.0 0.0 6.244493950500494e-09 1.0
1711767600.1063137 5.569999819621444 2.459999924271472 0.0 0.0 0.0 3.1316727689399978e-09 1.0
1711767600.1063137 5.589999819174409 2.459999924396739 0.0 0.0 0.0 1.5386581242196936e-09 1.0
1711767600.1063137 5.609999818727374 2.4599999244582853 0.0 0.0 0.0 6.986078538604821e-10 1.0
1711767600.1063137 5.629999818280339 2.4599999244862296 0.0 0.0 0.0 2.0267121767537705e-10 1.0
1711767600.1063137 5.649999817833304 2.4599999244943365 0.0 0.0 0.0 -1.931010949891993e-10 1.0
1711767600.1063137 5.66999981738627 2.4599999244866124 0.0 0.0 0.0 -6.844081010581371e-10 1.0
1711767600.1063137 5.689999816939235 2.459999924459236 0.0 0.0 0.0 -1.5128565405506946e-09 1.0
1711767600.1063137 5.7099998164922 2.459999924398722 0.0 0.0 0.0 -3.0814906871052838e-09 1.0
1711767600.1063137 5.729999816045165 2.459999924275462 0.0 0.0 0.0 -6.144962454118146e-09 1.0
1711767600.1063137 5.74999981559813 2.4599999240296637 0.0 0.0 0.0 -1.2160794865355857e-08 0.9999999999999999
1711767600.1063137 5.769999815151095 2.459999923543232 0.0 0.0 0.0 -2.3958602304697102e-08 0.9999999999999997
1711767600.1063137 5.7899998147040606 2.459999922584888 0.0 0.0 0.0 -4.7021354528569995e-08 0.9999999999999989
1711767600.1063137 5.809999814257026 2.4599999207040337 0.0 0.0 0.0 -9.193057631896141e-08 0.9999999999999958
1711767600.1063137 5.829999813809991 2.4599999170268108 0.0 0.0 0.0 -1.790099553077725e-07 0.999999999999984
1711767600.1063137 5.849999813362956 2.4599999098664127 0.0 0.0 0.0 -3.470884213238672e-07 0.9999999999999397
1711767600.1063137 5.869999812915921 2.459999895982876 0.0 0.0 0.0 -6.699252191732729e-07 0.9999999999997756
1711767600.1063137 5.889999812468886 2.459999869185868 0.0 0.0 0.0 -1.2867640907278148e-06 0.9999999999991721
1711767600.1063137 5.9099998120218515 2.4599998177153055 0.0 0.0 0.0 -2.458701697216761e-06 0.9999999999969774
1711767600.1063137 5.929999811574817 2.45999971936724 0.0 0.0 0.0 -4.671730717738637e-06 0.9999999999890875
1711767600.1063137 5.949999811127782 2.4599995324980153 0.0 0.0 0.0 -8.823197402370478e-06 0.9999999999610756
1711767600.1063137 5.969999810680747 2.459999179570127 0.0 0.0 0.0 -1.6555375744934603e-05 0.9999999998629597
1711767600.1063137 5.989999810233712 2.4599985173551118 0.0 0.0 0.0 -3.084461854967067e-05 0.9999999995243047
1711767600.1063137 6.009999809786677 2.4599972835703956 0.0 0.0 0.0 -5.7026805452872794e-05 0.9999999983739717
1711767600.1063137 6.0299998093396425 2.4599950024982173 0.0 0.0 0.0 -0.0001045524342444425 0.9999999945343943
1711767600.1063137 6.049999808892608 2.4599908204008725 0.0 0.0 0.0 -0.00018993224558305123 0.9999999819628709
1711767600.1063137 6.069999808445573 2.459983223110808 0.0 0.0 0.0 -0.00034156755381423983 0.9999999416658014
1711767600.1063137 6.089999807998538 2.4599695604065697 0.0 0.0 0.0 -0.0006074520079910954 0.999999815501012
1711767600.1063137 6.109999807551503 2.459945262313344 0.0 0.0 0.0 -0.0010670309576993014 0.9999994307223056
1711767600.1063137 6.129999807104468 2.4599025810030977 0.0 0.0 0.0 -0.0018486596685256661 0.999998291227255
1711767600.1063137 6.1499998066574335 2.4598286342389346 0.0 0.0 0.0 -0.0031537756568059743 0.9999950268371871
1711767600.1063137 6.169999806210399 2.459702481333342 0.0 0.0 0.0 -0.005287452687200633 0.9999860213243387
1711767600.1063137 6.189999805763364 2.459490974360778 0.0 0.0 0.0 -0.008691375760190866 0.9999622292803839
1711767600.1063137 6.209999805316329 2.4591432799396395 0.0 0.0 0.0 -0.013968013369346811 0.9999024425425281
1711767600.1063137 6.229999804869294 2.4585843958420996 0.0 0.0 0.0 -0.02187254423681482 0.9997607672881591
1711767600.1063137 6.249999804422259 2.457708865675694 0.0 0.0 0.0 -0.0332327024723302 0.999447641193067
1711767600.1063137 6.2699998039752245 2.4563773507781024 0.0 0.0 0.0 -0.04874433929245593 0.9988112881755702
1711767600.1063137 6.28999980352819 2.4544205964306394 0.0 0.0 0.0 -0.06860785747129708 0.9976437048832605
1711767600.1063137 6.309999803081155 2.451656729352042 0.0 0.0 0.0 -0.09206619925422437 0.9957528884993915
1711767600.1063137 6.32999980263412 2.4479264856079066 0.0 0.0 0.0 -0.11710809493776608 0.9931191741679581
1711767600.1063137 6.349999802187085 2.443143194906803 0.0 0.0 0.0 -0.14078790345825754 0.9900397801299846
1711767600.1063137 6.36999980174005 2.437337622829522 0.0 0.0 0.0 -0.16042159058661554 0.9870485870886297
1711767600.1063137 6.3899998012930155 2.4306601775302363 0.0 0.0 0.0 -0.17497724119136793 0.9845724783199344
1711767600.1063137 6.409999800845981 2.423319571458826 0.0 0.0 0.0 -0.18462236258261763 0.9828095355837836
1711767600.1063137 6.429999800398946 2.4155306495876587 0.0 0.0 0.0 -0.19073597358617972 0.9816413746272781
1711767600.1063137 6.449999799951911 2.4074535862780366 0.0 0.0 0.0 -0.19501639995992456 0.9807999815184902
1711767600.1063137 6.469999799504876 2.3991728470394835 0.0 0.0 0.0 -0.1992416020118841 0.9799503987589055
1711767600.1063137 6.489999799057841 2.390689436130327 0.0 0.0 0.0 -0.20400289289266743 0.9789702853975818
1711767600.1063137 6.5099997986108065 2.3819756380893105 0.0 0.0 0.0 -0.20869466670343925 0.9779808464839894
1711767600.1063137 6.529999798163772 2.3730326681640306 0.0 0.0 0.0 -0.21267796277361603 0.9771223486086399
1711767600.1063137 6.549999797716737 2.3638933994650895 0.0 0.0 0.0 -0.2153063338622181 0.9765465593604901
1711767600.1063137 6.569999797269702 2.354623706327079 0.0 0.0 0.0 -0.2164008503367233 0.9763045999960991
1711767600.1063137 6.589999796822667 2.345299486823447 0.0 0.0 0.0 -0.21583142296803304 0.9764306410900848
1711767600.1063137 6.609999796375632 2.336003650787147 0.0 0.0 0.0 -0.21388429605729423 0.976859001033453
1711767600.1063137 6.6299997959285975 2.3268046114190604 0.0 0.0 0.0 -0.21092821976902798 0.9775015529936864
1711767600.1063137 6.649999795481563 2.3177517703870416 0.0 0.0 0.0 -0.20786469184869105 0.978157589492945
1711767600.1063137 6.669999795034528 2.3088494997147735 0.0 0.0 0.0 -0.20568170448840242 0.9786189434293338
1711767600.1063137 6.689999794587493 2.300053948450058 0.0 0.0 0.0 -0.2054417429886636 0.978669346734524
1711767600.1063137 6.709999794140458 2.2912700994719626 0.0 0.0 0.0 -0.20713210994960915 0.9783129811199599
1711767600.1063137 6.729999793693423 2.2824036950707325 0.0 0.0 0.0 -0.20967649077099026 0.9777708163051109
1711767600.1063137 6.749999793246388 2.273412490310182 0.0 0.0 0.0 -0.2121144382376084 0.9772448337500402
1711767600.1063137 6.769999792799354 2.264301091038668 0.0 0.0 0.0 -0.21365330001908125 0.976909549237265
1711767600.1063137 6.789999792352319 2.255113508656919 0.0 0.0 0.0 -0.21416492363361364 0.9767975150894931
1711767600.1063137 6.809999791905284 2.245900543161095 0.0 0.0 0.0 -0.2137689762452464 0.9768842432934719
1711767600.1063137 6.829999791458249 2.2367072241441814 0.0 0.0 0.0 -0.2131271418965783 0.9770244732794546
1711767600.1063137 6.849999791011214 2.2275457174811977 0.0 0.0 0.0 -0.21285091429628455 0.9770846883884916
1711767600.1063137 6.869999790564179 2.2183978887751556 0.0 0.0 0.0 -0.2134415390221951 0.9769558380089843
1711767600.1063137 6.889999790117145 2.2092208044633965 0.0 0.0 0.0 -0.21432421772385066 0.9767625759093452
1711767600.1063137 6.90999978967011 2.1999999303370714 0.0 0.0 0.0 0.0 1.0
