0.0 0.02999994345009327 0.039999930933118044 0.0 0.0 0.0 0.0 1.0
0.0 0.04897360898700906 0.033675375754146114 0.0 0.0 0.0 0.0 1.0
0.0 0.06794727452392485 0.027350820575174184 0.0 0.0 0.0 0.0 1.0
0.0 0.08692094006084064 0.02102626539620225 0.0 0.0 0.0 0.0 1.0
0.0 0.10589460559775644 0.01470171021723032 0.0 0.0 0.0 0.0 1.0
0.0 0.12486827113467223 0.008377155038258387 0.0 0.0 0.0 0.0 1.0
0.0 0.143841936671588 0.0020525998592864567 0.0 0.0 0.0 0.0 1.0
0.0 0.16281560220850383 -0.004271955319685473 0.0 0.0 0.0 0.0 1.0
0.0 0.18178926774541962 -0.010596510498657404 0.0 0.0 0.0 0.0 1.0
0.0 0.2007629332823354 -0.01692106567762934 0.0 0.0 0.0 0.0 1.0
0.0 0.2197365988192512 -0.02324562085660127 0.0 0.0 0.0 0.0 1.0
0.0 0.238710264356167 -0.0295701760355732 0.0 0.0 0.0 0.0 1.0
0.0 0.25768392989308275 -0.03589473121454513 0.0 0.0 0.0 0.0 1.0
0.0 0.27665759542999857 -0.04221928639351706 0.0 0.0 0.0 0.0 1.0
0.0 0.2956312609669144 -0.04854384157248899 0.0 0.0 0.0 0.0 1.0
0.0 0.31460492650383015 -0.05486839675146092 0.0 0.0 0.0 0.0 1.0
0.0 0.33357859204074597 -0.06119295193043285 0.0 0.0 0.0 0.0 1.0
0.0 0.35255225757766173 -0.0675175071094048 0.0 0.0 0.0 0.0 1.0
0.0 0.37152592311457755 -0.07384206228837673 0.0 0.0 0.0 0.0 1.0
0.0 0.3904995886514933 -0.08016661746734866 0.0 0.0 0.0 0.0 1.0
0.0 0.40947325418840913 -0.08649117264632059 0.0 0.0 0.0 0.0 1.0
0.0 0.42844691972532495 -0.09281572782529252 0.0 0.0 0.0 0.0 1.0
0.0 0.4474205852622407 -0.09914028300426445 0.0 0.0 0.0 0.0 1.0
0.0 0.46639425079915653 -0.10546483818323638 0.0 0.0 0.0 0.0 1.0
0.0 0.4853679163360723 -0.1117893933622083 0.0 0.0 0.0 0.0 1.0
0.0 0.5099999327212572 -0.12000006549060327 0.0 0.0 0.0 0.0 1.0
0.0 0.528973598258173 -0.1263246206695752 0.0 0.0 0.0 0.0 1.0
0.0 0.5479472637950888 -0.13264917584854713 0.0 0.0 0.0 0.0 1.0
0.0 0.5669209293320046 -0.13897373102751906 0.0 0.0 0.0 0.0 1.0
0.0 0.5858945948689204 -0.145298286206491 0.0 0.0 0.0 0.0 1.0
0.0 0.6048682604058362 -0.15162284138546292 0.0 0.0 0.0 0.0 1.0
0.0 0.623841925942752 -0.15794739656443485 0.0 0.0 0.0 0.0 1.0
0.0 0.6428155914796678 -0.16427195174340678 0.0 0.0 0.0 0.0 1.0
0.0 0.6617892570165835 -0.1705965069223787 0.0 0.0 0.0 0.0 1.0
0.0 0.6807629225534994 -0.17692106210135067 0.0 0.0 0.0 0.0 1.0
0.0 0.6997365880904152 -0.18324561728032257 0.0 0.0 0.0 0.0 1.0
0.0 0.7187102536273309 -0.18957017245929453 0.0 0.0 0.0 0.0 1.0
0.0 0.7376839191642467 -0.19589472763826643 0.0 0.0 0.0 0.0 1.0
0.0 0.7566575847011625 -0.2022192828172384 0.0 0.0 0.0 0.0 1.0
0.0 0.7756312502380783 -0.2085438379962103 0.0 0.0 0.0 0.0 1.0
0.0 0.7946049157749941 -0.21486839317518225 0.0 0.0 0.0 0.0 1.0
0.0 0.8135785813119099 -0.22119294835415415 0.0 0.0 0.0 0.0 1.0
0.0 0.8325522468488257 -0.2275175035331261 0.0 0.0 0.0 0.0 1.0
0.0 0.8515259123857415 -0.23384205871209804 0.0 0.0 0.0 0.0 1.0
0.0 0.8704995779226572 -0.24016661389106997 0.0 0.0 0.0 0.0 1.0
0.0 0.8894732434595731 -0.2464911690700419 0.0 0.0 0.0 0.0 1.0
0.0 0.9084469089964888 -0.25281572424901383 0.0 0.0 0.0 0.0 1.0
0.0 0.9274205745334047 -0.2591402794279858 0.0 0.0 0.0 0.0 1.0
0.0 0.9463942400703205 -0.2654648346069577 0.0 0.0 0.0 0.0 1.0
0.0 0.9653679056072362 -0.2717893897859296 0.0 0.0 0.0 0.0 1.0
0.0 0.9899999219924212 -0.2800000619143246 0.0 0.0 0.0 0.0 1.0
0.0 1.0089735875293369 -0.28632461709329654 0.0 0.0 0.0 0.0 1.0
0.0 1.0279472530662528 -0.29264917227226844 0.0 0.0 0.0 0.0 1.0
0.0 1.0469209186031685 -0.2989737274512404 0.0 0.0 0.0 0.0 1.0
0.0 1.0658945841400844 -0.3052982826302123 0.0 0.0 0.0 0.0 1.0
0.0 1.0848682496770001 -0.31162283780918426 0.0 0.0 0.0 0.0 1.0
0.0 1.1038419152139158 -0.31794739298815616 0.0 0.0 0.0 0.0 1.0
0.0 1.1228155807508318 -0.3242719481671281 0.0 0.0 0.0 0.0 1.0
0.0 1.1417892462877475 -0.3305965033461 0.0 0.0 0.0 0.0 1.0
0.0 1.1607629118246634 -0.336921058525072 0.0 0.0 0.0 0.0 1.0
0.0 1.179736577361579 -0.3432456137040439 0.0 0.0 0.0 0.0 1.0
0.0 1.1987102428984948 -0.34957016888301584 0.0 0.0 0.0 0.0 1.0
0.0 1.2176839084354107 -0.35589472406198774 0.0 0.0 0.0 0.0 1.0
0.0 1.2366575739723265 -0.3622192792409597 0.0 0.0 0.0 0.0 1.0
0.0 1.2556312395092424 -0.3685438344199316 0.0 0.0 0.0 0.0 1.0
0.0 1.274604905046158 -0.37486838959890356 0.0 0.0 0.0 0.0 1.0
0.0 1.2935785705830738 -0.38119294477787546 0.0 0.0 0.0 0.0 1.0
0.0 1.3125522361199895 -0.3875174999568474 0.0 0.0 0.0 0.0 1.0
0.0 1.3315259016569054 -0.3938420551358194 0.0 0.0 0.0 0.0 1.0
0.0 1.3504995671938211 -0.4001666103147913 0.0 0.0 0.0 0.0 1.0
0.0 1.369473232730737 -0.4064911654937632 0.0 0.0 0.0 0.0 1.0
0.0 1.3884468982676528 -0.41281572067273514 0.0 0.0 0.0 0.0 1.0
0.0 1.4074205638045685 -0.4191402758517071 0.0 0.0 0.0 0.0 1.0
0.0 1.4263942293414844 -0.425464831030679 0.0 0.0 0.0 0.0 1.0
0.0 1.4453678948784001 -0.4317893862096509 0.0 0.0 0.0 0.0 1.0
0.0 1.469999911263585 -0.4400000583380459 0.0 0.0 0.0 0.0 1.0
0.0 1.4889735768005008 -0.44632461351701785 0.0 0.0 0.0 0.0 1.0
0.0 1.5079472423374167 -0.45264916869598976 0.0 0.0 0.0 0.0 1.0
0.0 1.5269209078743324 -0.4589737238749617 0.0 0.0 0.0 0.0 1.0
0.0 1.5458945734112484 -0.4652982790539336 0.0 0.0 0.0 0.0 1.0
0.0 1.564868238948164 -0.4716228342329056 0.0 0.0 0.0 0.0 1.0
0.0 1.5838419044850798 -0.4779473894118775 0.0 0.0 0.0 0.0 1.0
0.0 1.6028155700219957 -0.48427194459084943 0.0 0.0 0.0 0.0 1.0
0.0 1.6217892355589114 -0.49059649976982134 0.0 0.0 0.0 0.0 1.0
0.0 1.6407629010958273 -0.4969210549487933 0.0 0.0 0.0 0.0 1.0
0.0 1.659736566632743 -0.5032456101277653 0.0 0.0 0.0 0.0 1.0
0.0 1.6787102321696588 -0.5095701653067372 0.0 0.0 0.0 0.0 1.0
0.0 1.6976838977065747 -0.5158947204857091 0.0 0.0 0.0 0.0 1.0
0.0 1.7166575632434904 -0.522219275664681 0.0 0.0 0.0 0.0 1.0
0.0 1.7356312287804063 -0.528543830843653 0.0 0.0 0.0 0.0 1.0
0.0 1.754604894317322 -0.5348683860226249 0.0 0.0 0.0 0.0 1.0
0.0 1.7735785598542377 -0.5411929412015968 0.0 0.0 0.0 0.0 1.0
0.0 1.7925522253911537 -0.5475174963805687 0.0 0.0 0.0 0.0 1.0
0.0 1.829999903216958 -0.5600000556558369 0.0 0.0 0.0 0.0 1.0
0.0 1.8499999027699232 -0.5600000556558369 0.0 0.0 0.0 0.0 1.0
0.0 1.8699999023228884 -0.5600000556558369 0.0 0.0 0.0 0.0 1.0
0.0 1.8899999018758535 -0.5600000556558369 0.0 0.0 0.0 0.0 1.0
0.0 1.9099999014288187 -0.5600000556558369 0.0 0.0 0.0 0.0 1.0
0.0 1.9299999009817839 -0.5600000556558369 0.0 0.0 0.0 0.0 1.0
0.0 1.9495236417490733 -0.5556614465964392 0.0 0.0 0.0 0.0 1.0
0.0 1.9690473825163628 -0.5513228375370416 0.0 0.0 0.0 0.0 1.0
0.0 1.9885711232836523 -0.5469842284776439 0.0 0.0 0.0 0.0 1.0
0.0 2.0080948640509417 -0.5426456194182463 0.0 0.0 0.0 0.0 1.0
0.0 2.027618604818231 -0.5383070103588486 0.0 0.0 0.0 0.0 1.0
0.0 2.0471423455855207 -0.533968401299451 0.0 0.0 0.0 0.0 1.0
0.0 2.06666608635281 -0.5296297922400534 0.0 0.0 0.0 0.0 1.0
0.0 2.086189827120099 -0.5252911831806557 0.0 0.0 0.0 0.0 1.0
0.0 2.1099998969584703 -0.5200000565499066 0.0 0.0 0.0 0.0 1.0
0.0 2.1266409024732718 -0.5089060528733723 0.0 0.0 0.0 0.0 1.0
0.0 2.143281907988073 -0.497812049196838 0.0 0.0 0.0 0.0 1.0
0.0 2.169999895617366 -0.4800000574439762 0.0 0.0 0.0 0.0 1.0
0.0 2.1866409011321672 -0.46890605376744193 0.0 0.0 0.0 0.0 1.0
0.0 2.2032819066469687 -0.4578120500909077 0.0 0.0 0.0 0.0 1.0
0.0 2.2299998942762613 -0.4400000583380459 0.0 0.0 0.0 0.0 1.0
0.0 2.244142029583891 -0.4258579230304163 0.0 0.0 0.0 0.0 1.0
0.0 2.2699998933821917 -0.40000005923211557 0.0 0.0 0.0 0.0 1.0
0.0 2.2841420286898213 -0.385857923924486 0.0 0.0 0.0 0.0 1.0
0.0 2.309999892488122 -0.36000006012618524 0.0 0.0 0.0 0.0 1.0
0.0 2.3241420277957516 -0.34585792481855565 0.0 0.0 0.0 0.0 1.0
0.0 2.3499998915940523 -0.3200000610202549 0.0 0.0 0.0 0.0 1.0
0.0 2.3699998911470175 -0.30000006146728975 0.0 0.0 0.0 0.0 1.0
0.0 2.3899998906999826 -0.2800000619143246 0.0 0.0 0.0 0.0 1.0
0.0 2.409999890252948 -0.2600000623613594 0.0 0.0 0.0 0.0 1.0
0.0 2.429999889805913 -0.24000006280839425 0.0 0.0 0.0 0.0 1.0
0.0 2.449999889358878 -0.2200000632554291 0.0 0.0 0.0 0.0 1.0
0.0 2.4699998889118433 -0.20000006370246393 0.0 0.0 0.0 0.0 1.0
0.0 2.484142024219473 -0.18585792839483434 0.0 0.0 0.0 0.0 1.0
0.0 2.4982841595271026 -0.17171579308720475 0.0 0.0 0.0 0.0 1.0
0.0 2.5124262948347322 -0.15757365777957516 0.0 0.0 0.0 0.0 1.0
0.0 2.5265684301423614 -0.14343152247194557 0.0 0.0 0.0 0.0 1.0
0.0 2.549999887123704 -0.12000006549060327 0.0 0.0 0.0 0.0 1.0
0.0 2.569999886676669 -0.1000000659376381 0.0 0.0 0.0 0.0 1.0
0.0 2.5899998862296343 -0.08000006638467294 0.0 0.0 0.0 0.0 1.0
0.0 2.6099998857825994 -0.06000006683170778 0.0 0.0 0.0 0.0 1.0
0.0 2.6299998853355646 -0.04000006727874261 0.0 0.0 0.0 0.0 1.0
0.0 2.6499998848885298 -0.02000006772577745 0.0 0.0 0.0 0.0 1.0
0.0 2.669999884441495 -6.817281228421734e-08 0.0 0.0 0.0 0.0 1.0
0.0 2.68999988399446 0.01999993138015288 0.0 0.0 0.0 0.0 1.0
0.0 2.7041420193020897 0.03414206668778247 0.0 0.0 0.0 0.0 1.0
0.0 2.7182841546097194 0.04828420199541205 0.0 0.0 0.0 0.0 1.0
0.0 2.732426289917349 0.06242633730304164 0.0 0.0 0.0 0.0 1.0
0.0 2.7465684252249782 0.07656847261067122 0.0 0.0 0.0 0.0 1.0
0.0 2.7699998822063208 0.09999992959201354 0.0 0.0 0.0 0.0 1.0
0.0 2.789999881759286 0.1199999291449787 0.0 0.0 0.0 0.0 1.0
0.0 2.809999881312251 0.13999992869794387 0.0 0.0 0.0 0.0 1.0
0.0 2.8299998808652163 0.15999992825090903 0.0 0.0 0.0 0.0 1.0
0.0 2.8499998804181814 0.1799999278038742 0.0 0.0 0.0 0.0 1.0
0.0 2.8610938840947155 0.1966409333186756 0.0 0.0 0.0 0.0 1.0
0.0 2.87218788777125 0.213281938833477 0.0 0.0 0.0 0.0 1.0
0.0 2.8899998795241117 0.23999992646276969 0.0 0.0 0.0 0.0 1.0
0.0 2.901093883200646 0.2566409319775711 0.0 0.0 0.0 0.0 1.0
0.0 2.9121878868771804 0.2732819374923725 0.0 0.0 0.0 0.0 1.0
0.0 2.929999878630042 0.2999999251216652 0.0 0.0 0.0 0.0 1.0
0.0 2.9499998781830072 0.31999992467463034 0.0 0.0 0.0 0.0 1.0
0.0 2.9610938818595414 0.33664093018943175 0.0 0.0 0.0 0.0 1.0
0.0 2.972187885536076 0.35328193570423316 0.0 0.0 0.0 0.0 1.0
0.0 2.9899998772889376 0.37999992333352584 0.0 0.0 0.0 0.0 1.0
0.0 3.0010938809654717 0.39664092884832725 0.0 0.0 0.0 0.0 1.0
0.0 3.0121878846420063 0.41328193436312866 0.0 0.0 0.0 0.0 1.0
0.0 3.0232818883185404 0.42992293987793007 0.0 0.0 0.0 0.0 1.0
0.0 3.0343758919950745 0.4465639453927315 0.0 0.0 0.0 0.0 1.0
0.0 3.045469895671609 0.4632049509075329 0.0 0.0 0.0 0.0 1.0
0.0 3.056563899348143 0.4798459564223343 0.0 0.0 0.0 0.0 1.0
0.0 3.0699998755007982 0.4999999206513168 0.0 0.0 0.0 0.0 1.0
0.0 3.0899998750537634 0.519999920204282 0.0 0.0 0.0 0.0 1.0
0.0 3.1010938787302975 0.5366409257190834 0.0 0.0 0.0 0.0 1.0
0.0 3.112187882406832 0.5532819312338848 0.0 0.0 0.0 0.0 1.0
0.0 3.1299998741596937 0.5799999188631775 0.0 0.0 0.0 0.0 1.0
0.0 3.149999873712659 0.5999999184161426 0.0 0.0 0.0 0.0 1.0
0.0 3.169999873265624 0.6199999179691078 0.0 0.0 0.0 0.0 1.0
0.0 3.189999872818589 0.639999917522073 0.0 0.0 0.0 0.0 1.0
0.0 3.2099998723715544 0.6599999170750381 0.0 0.0 0.0 0.0 1.0
0.0 3.2210938760480885 0.6766409225898395 0.0 0.0 0.0 0.0 1.0
0.0 3.232187879724623 0.693281928104641 0.0 0.0 0.0 0.0 1.0
0.0 3.2499998714774847 0.7199999157339336 0.0 0.0 0.0 0.0 1.0
0.0 3.26999987103045 0.7399999152868988 0.0 0.0 0.0 0.0 1.0
0.0 3.289999870583415 0.759999914839864 0.0 0.0 0.0 0.0 1.0
0.0 3.30999987013638 0.7799999143928291 0.0 0.0 0.0 0.0 1.0
0.0 3.3299998696893454 0.7999999139457943 0.0 0.0 0.0 0.0 1.0
0.0 3.3499998692423105 0.8199999134987594 0.0 0.0 0.0 0.0 1.0
0.0 3.3699998687952757 0.8399999130517246 0.0 0.0 0.0 0.0 1.0
0.0 3.389999868348241 0.8599999126046898 0.0 0.0 0.0 0.0 1.0
0.0 3.409999867901206 0.8799999121576549 0.0 0.0 0.0 0.0 1.0
0.0 3.429999867454171 0.8999999117106201 0.0 0.0 0.0 0.0 1.0
0.0 3.4499998670071363 0.9199999112635853 0.0 0.0 0.0 0.0 1.0
0.0 3.4699998665601015 0.9399999108165504 0.0 0.0 0.0 0.0 1.0
0.0 3.4899998661130667 0.9599999103695156 0.0 0.0 0.0 0.0 1.0
0.0 3.501093869789601 0.976640915884317 0.0 0.0 0.0 0.0 1.0
0.0 3.5121878734661354 0.9932819213991184 0.0 0.0 0.0 0.0 1.0
0.0 3.529999865218997 1.019999909028411 0.0 0.0 0.0 0.0 1.0
0.0 3.549999864771962 1.0399999085813763 0.0 0.0 0.0 0.0 1.0
0.0 3.5699998643249273 1.0599999081343414 0.0 0.0 0.0 0.0 1.0
0.0 3.5899998638778925 1.0799999076873066 0.0 0.0 0.0 0.0 1.0
0.0 3.6099998634308577 1.0999999072402717 0.0 0.0 0.0 0.0 1.0
0.0 3.629999862983823 1.119999906793237 0.0 0.0 0.0 0.0 1.0
0.0 3.649999862536788 1.139999906346202 0.0 0.0 0.0 0.0 1.0
0.0 3.669999862089753 1.1599999058991672 0.0 0.0 0.0 0.0 1.0
0.0 3.6899998616427183 1.1799999054521324 0.0 0.0 0.0 0.0 1.0
0.0 3.7099998611956835 1.1999999050050976 0.0 0.0 0.0 0.0 1.0
0.0 3.7210938648722176 1.216640910519899 0.0 0.0 0.0 0.0 1.0
0.0 3.732187868548752 1.2332819160347004 0.0 0.0 0.0 0.0 1.0
0.0 3.749999860301614 1.259999903663993 0.0 0.0 0.0 0.0 1.0
0.0 3.769999859854579 1.2799999032169582 0.0 0.0 0.0 0.0 1.0
0.0 3.789999859407544 1.2999999027699234 0.0 0.0 0.0 0.0 1.0
0.0 3.8099998589605093 1.3199999023228886 0.0 0.0 0.0 0.0 1.0
0.0 3.8299998585134745 1.3399999018758537 0.0 0.0 0.0 0.0 1.0
0.0 3.8499998580664396 1.3599999014288189 0.0 0.0 0.0 0.0 1.0
0.0 3.869999857619405 1.379999900981784 0.0 0.0 0.0 0.0 1.0
0.0 3.88999985717237 1.3999999005347492 0.0 0.0 0.0 0.0 1.0
0.0 3.909999856725335 1.4199999000877144 0.0 0.0 0.0 0.0 1.0
0.0 3.9299998562783003 1.4399998996406795 0.0 0.0 0.0 0.0 1.0
0.0 3.9499998558312654 1.4599998991936447 0.0 0.0 0.0 0.0 1.0
0.0 3.9699998553842306 1.4799998987466099 0.0 0.0 0.0 0.0 1.0
0.0 3.9899998549371958 1.499999898299575 0.0 0.0 0.0 0.0 1.0
0.0 4.009999854490161 1.5199998978525402 0.0 0.0 0.0 0.0 1.0
0.0 4.0210938581666955 1.5366409033673416 0.0 0.0 0.0 0.0 1.0
0.0 4.032187861843229 1.553281908882143 0.0 0.0 0.0 0.0 1.0
0.0 4.049999853596091 1.5799998965114357 0.0 0.0 0.0 0.0 1.0
0.0 4.064141988903721 1.5941420318190653 0.0 0.0 0.0 0.0 1.0
0.0 4.078284124211351 1.6082841671266948 0.0 0.0 0.0 0.0 1.0
0.0 4.09242625951898 1.6224263024343244 0.0 0.0 0.0 0.0 1.0
0.0 4.109999852254987 1.6399998951703312 0.0 0.0 0.0 0.0 1.0
0.0 4.124141987562616 1.6541420304779608 0.0 0.0 0.0 0.0 1.0
0.0 4.138284122870246 1.6682841657855902 0.0 0.0 0.0 0.0 1.0
0.0 4.152426258177876 1.68242630109322 0.0 0.0 0.0 0.0 1.0
0.0 4.169999850913882 1.6999998938292267 0.0 0.0 0.0 0.0 1.0
0.0 4.181093854590417 1.716640899344028 0.0 0.0 0.0 0.0 1.0
0.0 4.1921878582669505 1.7332819048588295 0.0 0.0 0.0 0.0 1.0
0.0 4.209999850019813 1.7599998924881222 0.0 0.0 0.0 0.0 1.0
0.0 4.224141985327442 1.7741420277957518 0.0 0.0 0.0 0.0 1.0
0.0 4.238284120635072 1.7882841631033812 0.0 0.0 0.0 0.0 1.0
0.0 4.2524262559427015 1.8024262984110109 0.0 0.0 0.0 0.0 1.0
0.0 4.269999848678708 1.8199998911470177 0.0 0.0 0.0 0.0 1.0
0.0 4.284141983986338 1.8341420264546473 0.0 0.0 0.0 0.0 1.0
0.0 4.298284119293967 1.8482841617622767 0.0 0.0 0.0 0.0 1.0
0.0 4.312426254601597 1.8624262970699064 0.0 0.0 0.0 0.0 1.0
0.0 4.329999847337604 1.8799998898059131 0.0 0.0 0.0 0.0 1.0
0.0 4.344141982645233 1.8941420251135428 0.0 0.0 0.0 0.0 1.0
0.0 4.358284117952863 1.9082841604211722 0.0 0.0 0.0 0.0 1.0
0.0 4.3724262532604925 1.9224262957288019 0.0 0.0 0.0 0.0 1.0
0.0 4.389999845996499 1.9399998884648086 0.0 0.0 0.0 0.0 1.0
0.0 4.404141981304129 1.9541420237724383 0.0 0.0 0.0 0.0 1.0
0.0 4.418284116611758 1.9682841590800677 0.0 0.0 0.0 0.0 1.0
0.0 4.432426251919388 1.9824262943876974 0.0 0.0 0.0 0.0 1.0
0.0 4.4499998446553946 1.9999998871237041 0.0 0.0 0.0 0.0 1.0
0.0 4.464141979963024 2.014142022431334 0.0 0.0 0.0 0.0 1.0
0.0 4.478284115270654 2.0282841577389634 0.0 0.0 0.0 0.0 1.0
0.0 4.4924262505782835 2.042426293046593 0.0 0.0 0.0 0.0 1.0
0.0 4.50999984331429 2.0599998857825996 0.0 0.0 0.0 0.0 1.0
0.0 4.521093846990825 2.076640891297401 0.0 0.0 0.0 0.0 1.0
0.0 4.532187850667358 2.0932818968122024 0.0 0.0 0.0 0.0 1.0
0.0 4.54999984242022 2.119999884441495 0.0 0.0 0.0 0.0 1.0
0.0 4.56414197772785 2.1341420197491248 0.0 0.0 0.0 0.0 1.0
0.0 4.57828411303548 2.1482841550567544 0.0 0.0 0.0 0.0 1.0
0.0 4.592426248343109 2.162426290364384 0.0 0.0 0.0 0.0 1.0
0.0 4.609999841079116 2.1799998831003906 0.0 0.0 0.0 0.0 1.0
0.0 4.629999840632081 2.1999998826533558 0.0 0.0 0.0 0.0 1.0
0.0 4.649999840185046 2.219999882206321 0.0 0.0 0.0 0.0 1.0
0.0 4.669999839738011 2.239999881759286 0.0 0.0 0.0 0.0 1.0
0.0 4.6899998392909765 2.2599998813122513 0.0 0.0 0.0 0.0 1.0
0.0 4.704141974598606 2.274142016619881 0.0 0.0 0.0 0.0 1.0
0.0 4.718284109906236 2.2882841519275106 0.0 0.0 0.0 0.0 1.0
0.0 4.7324262452138655 2.30242628723514 0.0 0.0 0.0 0.0 1.0
0.0 4.749999837949872 2.3199998799711468 0.0 0.0 0.0 0.0 1.0
0.0 4.764141973257502 2.3341420152787764 0.0 0.0 0.0 0.0 1.0
0.0 4.778284108565131 2.348284150586406 0.0 0.0 0.0 0.0 1.0
0.0 4.792426243872761 2.3624262858940357 0.0 0.0 0.0 0.0 1.0
0.0 4.8099998366087675 2.3799998786300423 0.0 0.0 0.0 0.0 1.0
0.0 4.827888380028925 2.388944150340121 0.0 0.0 0.0 0.0 1.0
0.0 4.845776923449084 2.3978884220502006 0.0 0.0 0.0 0.0 1.0
0.0 4.863665466869242 2.4068326937602795 0.0 0.0 0.0 0.0 1.0
0.0 4.8815540102894 2.4157769654703585 0.0 0.0 0.0 0.0 1.0
0.0 4.899442553709559 2.424721237180438 0.0 0.0 0.0 0.0 1.0
0.0 4.9299998339265585 2.4399998772889377 0.0 0.0 0.0 0.0 1.0
0.0 4.948973499463475 2.4463244324679096 0.0 0.0 0.0 0.0 1.0
0.0 4.96794716500039 2.4526489876468816 0.0 0.0 0.0 0.0 1.0
0.0 4.989999832585454 2.459999876841903 0.0 0.0 0.0 0.0 1.0
0.0 5.009999832138419 2.459999876841903 0.0 0.0 0.0 0.0 1.0
0.0 5.029999831691384 2.459999876841903 0.0 0.0 0.0 0.0 1.0
0.0 5.0499998312443495 2.459999876841903 0.0 0.0 0.0 0.0 1.0
0.0 5.069999830797315 2.459999876841903 0.0 0.0 0.0 0.0 1.0
0.0 5.08999983035028 2.459999876841903 0.0 0.0 0.0 0.0 1.0
0.0 5.109999829903245 2.459999876841903 0.0 0.0 0.0 0.0 1.0
0.0 5.12999982945621 2.459999876841903 0.0 0.0 0.0 0.0 1.0
0.0 5.149999829009175 2.459999876841903 0.0 0.0 0.0 0.0 1.0
0.0 5.1699998285621405 2.459999876841903 0.0 0.0 0.0 0.0 1.0
0.0 5.189999828115106 2.459999876841903 0.0 0.0 0.0 0.0 1.0
0.0 5.2094026776843245 2.455149164449598 0.0 0.0 0.0 0.0 1.0
0.0 5.228805527253544 2.4502984520572935 0.0 0.0 0.0 0.0 1.0
0.0 5.248208376822763 2.4454477396649885 0.0 0.0 0.0 0.0 1.0
0.0 5.267611226391982 2.4405970272726836 0.0 0.0 0.0 0.0 1.0
0.0 5.287014075961201 2.435746314880379 0.0 0.0 0.0 0.0 1.0
0.0 5.306416925530421 2.430895602488074 0.0 0.0 0.0 0.0 1.0
0.0 5.32581977509964 2.4260448900957696 0.0 0.0 0.0 0.0 1.0
0.0 5.345222624668859 2.4211941777034647 0.0 0.0 0.0 0.0 1.0
0.0 5.364625474238078 2.4163434653111597 0.0 0.0 0.0 0.0 1.0
0.0 5.384028323807297 2.4114927529188552 0.0 0.0 0.0 0.0 1.0
0.0 5.403431173376516 2.4066420405265503 0.0 0.0 0.0 0.0 1.0
0.0 5.422834022945735 2.4017913281342453 0.0 0.0 0.0 0.0 1.0
0.0 5.442236872514955 2.396940615741941 0.0 0.0 0.0 0.0 1.0
0.0 5.461639722084174 2.392089903349636 0.0 0.0 0.0 0.0 1.0
0.0 5.481042571653393 2.387239190957331 0.0 0.0 0.0 0.0 1.0
0.0 5.509999820962548 2.3799998786300423 0.0 0.0 0.0 0.0 1.0
0.0 5.529611434038013 2.376077556014949 0.0 0.0 0.0 0.0 1.0
0.0 5.549223047113478 2.3721552333998566 0.0 0.0 0.0 0.0 1.0
0.0 5.5688346601889425 2.3682329107847635 0.0 0.0 0.0 0.0 1.0
0.0 5.588446273264407 2.3643105881696704 0.0 0.0 0.0 0.0 1.0
0.0 5.608057886339871 2.3603882655545774 0.0 0.0 0.0 0.0 1.0
0.0 5.627669499415337 2.3564659429394847 0.0 0.0 0.0 0.0 1.0
0.0 5.647281112490801 2.3525436203243917 0.0 0.0 0.0 0.0 1.0
0.0 5.6668927255662656 2.3486212977092986 0.0 0.0 0.0 0.0 1.0
0.0 5.68650433864173 2.344698975094206 0.0 0.0 0.0 0.0 1.0
0.0 5.7099998164922 2.339999879524112 0.0 0.0 0.0 0.0 1.0
0.0 5.729402666061419 2.335149167131807 0.0 0.0 0.0 0.0 1.0
0.0 5.748805515630639 2.3302984547395025 0.0 0.0 0.0 0.0 1.0
0.0 5.7682083651998575 2.3254477423471975 0.0 0.0 0.0 0.0 1.0
0.0 5.787611214769076 2.3205970299548926 0.0 0.0 0.0 0.0 1.0
0.0 5.807014064338295 2.315746317562588 0.0 0.0 0.0 0.0 1.0
0.0 5.826416913907515 2.310895605170283 0.0 0.0 0.0 0.0 1.0
0.0 5.845819763476734 2.3060448927779786 0.0 0.0 0.0 0.0 1.0
0.0 5.865222613045953 2.3011941803856737 0.0 0.0 0.0 0.0 1.0
0.0 5.884625462615173 2.2963434679933687 0.0 0.0 0.0 0.0 1.0
0.0 5.9040283121843915 2.2914927556010642 0.0 0.0 0.0 0.0 1.0
0.0 5.92343116175361 2.2866420432087593 0.0 0.0 0.0 0.0 1.0
0.0 5.942834011322829 2.2817913308164544 0.0 0.0 0.0 0.0 1.0
0.0 5.962236860892049 2.27694061842415 0.0 0.0 0.0 0.0 1.0
0.0 5.981639710461268 2.272089906031845 0.0 0.0 0.0 0.0 1.0
0.0 6.001042560030487 2.26723919363954 0.0 0.0 0.0 0.0 1.0
0.0 6.0299998093396425 2.2599998813122513 0.0 0.0 0.0 0.0 1.0
0.0 6.049999808892608 2.2599998813122513 0.0 0.0 0.0 0.0 1.0
0.0 6.069999808445573 2.2599998813122513 0.0 0.0 0.0 0.0 1.0
0.0 6.089845365536263 2.257519186675915 0.0 0.0 0.0 0.0 1.0
0.0 6.109690922626954 2.2550384920395787 0.0 0.0 0.0 0.0 1.0
0.0 6.129536479717644 2.2525577974032425 0.0 0.0 0.0 0.0 1.0
0.0 6.149382036808335 2.250077102766906 0.0 0.0 0.0 0.0 1.0
0.0 6.169227593899025 2.2475964081305695 0.0 0.0 0.0 0.0 1.0
0.0 6.189073150989716 2.2451157134942332 0.0 0.0 0.0 0.0 1.0
0.0 6.2089187080804065 2.242635018857897 0.0 0.0 0.0 0.0 1.0
0.0 6.2287642651710975 2.2401543242215607 0.0 0.0 0.0 0.0 1.0
0.0 6.248609822261788 2.2376736295852244 0.0 0.0 0.0 0.0 1.0
0.0 6.268455379352479 2.235192934948888 0.0 0.0 0.0 0.0 1.0
0.0 6.288300936443169 2.232712240312552 0.0 0.0 0.0 0.0 1.0
0.0 6.30814649353386 2.2302315456762156 0.0 0.0 0.0 0.0 1.0
0.0 6.32799205062455 2.227750851039879 0.0 0.0 0.0 0.0 1.0
0.0 6.347837607715241 2.2252701564035426 0.0 0.0 0.0 0.0 1.0
0.0 6.367683164805931 2.2227894617672064 0.0 0.0 0.0 0.0 1.0
0.0 6.387528721896622 2.22030876713087 0.0 0.0 0.0 0.0 1.0
0.0 6.407374278987312 2.217828072494534 0.0 0.0 0.0 0.0 1.0
0.0 6.427219836078003 2.2153473778581976 0.0 0.0 0.0 0.0 1.0
0.0 6.447065393168693 2.2128666832218613 0.0 0.0 0.0 0.0 1.0
0.0 6.4669109502593844 2.210385988585525 0.0 0.0 0.0 0.0 1.0
0.0 6.486756507350075 2.2079052939491883 0.0 0.0 0.0 0.0 1.0
0.0 6.506602064440766 2.205424599312852 0.0 0.0 0.0 0.0 1.0
0.0 6.526447621531456 2.202943904676516 0.0 0.0 0.0 0.0 1.0
0.0 6.549999797716737 2.1999998826533558 0.0 0.0 0.0 0.0 1.0
0.0 6.569999797269702 2.1999998826533558 0.0 0.0 0.0 0.0 1.0
0.0 6.589999796822667 2.1999998826533558 0.0 0.0 0.0 0.0 1.0
0.0 6.609999796375632 2.1999998826533558 0.0 0.0 0.0 0.0 1.0
0.0 6.6299997959285975 2.1999998826533558 0.0 0.0 0.0 0.0 1.0
0.0 6.649999795481563 2.1999998826533558 0.0 0.0 0.0 0.0 1.0
0.0 6.669999795034528 2.1999998826533558 0.0 0.0 0.0 0.0 1.0
0.0 6.689999794587493 2.1999998826533558 0.0 0.0 0.0 0.0 1.0
0.0 6.709999794140458 2.1999998826533558 0.0 0.0 0.0 0.0 1.0
0.0 6.729999793693423 2.1999998826533558 0.0 0.0 0.0 0.0 1.0
0.0 6.749999793246388 2.1999998826533558 0.0 0.0 0.0 0.0 1.0
0.0 6.769999792799354 2.1999998826533558 0.0 0.0 0.0 0.0 1.0
0.0 6.789999792352319 2.1999998826533558 0.0 0.0 0.0 0.0 1.0
0.0 6.809999791905284 2.1999998826533558 0.0 0.0 0.0 0.0 1.0
0.0 6.829999791458249 2.1999998826533558 0.0 0.0 0.0 0.0 1.0
0.0 6.849999791011214 2.1999998826533558 0.0 0.0 0.0 0.0 1.0
0.0 6.869999790564179 2.1999998826533558 0.0 0.0 0.0 0.0 1.0
0.0 6.889999790117145 2.1999998826533558 0.0 0.0 0.0 0.0 1.0
0.0 6.90999978967011 2.1999998826533558 0.0 0.0 0.0 0.0 1.0
