0.0 16.050000661611556 7.950000339746476 0.0 0.0 0.0 0.5195778576749839 0.8544231093631973
0.0 16.200073212641744 8.23822585444063 0.0 0.0 0.0 0.5186786907121104 0.8549692484535166
0.0 16.331060261712178 8.489619308224286 0.0 0.0 0.0 0.5198467772998137 0.8542595203631025
0.0 16.479424455706088 8.778721710232691 0.0 0.0 0.0 0.5228699399092049 0.8524124740636686
0.0 16.61976230358048 9.055375629939826 0.0 0.0 0.0 0.5245193549077161 0.8513985237990452
0.0 16.740850154788266 9.2973854289205 0.0 0.0 0.0 0.5272314609108273 0.8497217112830735
0.0 16.877386062516734 9.57592980334799 0.0 0.0 0.0 0.5304653830800281 0.8477065986258212
0.0 17.00487613569381 9.839584388733353 0.0 0.0 0.0 0.5330636571491569 0.8460751369865244
0.0 17.114349376900766 10.070418087709117 0.0 0.0 0.0 0.53618741721638 0.8440989596124543
0.0 17.23763946381354 10.336060932644878 0.0 0.0 0.0 0.5392173529579455 0.8421666380645974
0.0 17.35160107728112 10.588324387603025 0.0 0.0 0.0 0.544277392406631 0.8389053105774443
0.0 17.449132395503522 10.809239543027344 0.0 0.0 0.0 0.5443554468287504 0.8388546641152277
0.0 17.56299358459599 11.06154923966784 0.0 0.0 0.0 0.5394369036562062 0.8420260251166853
0.0 17.700094087198508 11.358344439694312 0.0 0.0 0.0 0.5368826174530893 0.8436569534335148
0.0 17.821911776132257 11.616216848279066 0.0 0.0 0.0 0.5327238097025251 0.8462891601432857
0.0 17.965246433406833 11.910038562050234 0.0 0.0 0.0 0.5277726079574321 0.8493857040766642
0.0 18.100763960309372 12.182828343087689 0.0 0.0 0.0 0.5242520441272275 0.8515631475283695
0.0 18.221672318701025 12.419443201153785 0.0 0.0 0.0 0.5189002526350717 0.8548347956273533
0.0 18.364477614129648 12.688471972974238 0.0 0.0 0.0 0.5127615560834538 0.8585310632719558
0.0 18.524243867466826 12.980305876763156 0.0 0.0 0.0 0.5058719155666349 0.862608604780258
0.0 18.667955200631443 13.232488318887231 0.0 0.0 0.0 0.5001500439964278 0.8659387585103067
0.0 18.835961463781263 13.51968545173152 0.0 0.0 0.0 0.49674632250707845 0.8678957835337683
0.0 19.024378959735415 13.834937924823166 0.0 0.0 0.0 0.4903434984802862 0.8715292614124402
0.0 19.19240956660545 14.107750643615695 0.0 0.0 0.0 0.4873923343332552 0.873183092159474
0.0 19.3854000568217 14.420258295068733 0.0 0.0 0.0 0.48849682183219234 0.8725656737804023
0.0 19.628768627065682 14.811281142652419 0.0 0.0 0.0 0.4848804016919959 0.8745804685990928
0.0 19.842110626755513 15.151748602957895 0.0 0.0 0.0 0.4876615579379691 0.8730327627927332
0.0 20.080086255098664 15.546012543342638 0.0 0.0 0.0 0.496259120619662 0.8681744555109876
0.0 20.295485256419248 15.913947491346883 0.0 0.0 0.0 0.5007092816456563 0.8656155123805781
0.0 20.478759804770398 16.237587196750724 0.0 0.0 0.0 0.5077405351330634 0.8615100399779392
0.0 20.681151102921074 16.61278804151253 0.0 0.0 0.0 0.51593772281041 0.8566260947351584
0.0 20.867148118851574 16.96537308226955 0.0 0.0 0.0 0.5206162268142327 0.8537908083235093
0.0 21.02374886062303 17.275869454441665 0.0 0.0 0.0 0.5308970770450747 0.8474363065062742
0.0 21.191154401708665 17.63749763668687 0.0 0.0 0.0 0.544652778921708 0.8386616423879543
0.0 21.334867050622023 17.96229311068217 0.0 0.0 0.0 0.5519225547891342 0.8338953732423722
0.0 21.4521712297344 18.24907294667216 0.0 0.0 0.0 0.567125577345346 0.8236313371410221
0.0 21.569805949056022 18.58390590896249 0.0 0.0 0.0 0.587039003241282 0.8095586505457663
0.0 21.67485672625618 18.908049509257022 0.0 0.0 0.0 0.5978791742257695 0.8015862355524276
0.0 21.753540040937693 19.194717574189337 0.0 0.0 0.0 0.6220252182732352 0.7829972080615193
0.0 21.81530525378798 19.52902020223457 0.0 0.0 0.0 0.65401085213919 0.7564851652770004
0.0 21.85421244626318 19.775795896560982 0.0 0.0 0.0 0.6610177529052422 0.750370262166688
0.0 21.87603930501583 19.99257551324054 0.0 0.0 0.0 0.69759731505636 0.7164900460063333
0.0 21.8619609836833 20.23962044840148 0.0 0.0 0.0 0.7531521481280998 0.6578463663881018
0.0 21.826700276317528 20.45520714874007 0.0 0.0 0.0 0.7840391879944546 0.6207113271795484
0.0 21.771682389700093 20.638138379723706 0.0 0.0 0.0 0.8270556457090669 0.562120057372763
0.0 21.67282440759049 20.831231129841566 0.0 0.0 0.0 0.8713353850407136 0.49068793216865575
0.0 21.526765773718438 21.034106989457616 0.0 0.0 0.0 0.9137470126678428 0.40628364087247376
0.0 21.36378509016345 21.182828168692097 0.0 0.0 0.0 0.9455263759329527 0.32554549976170244
0.0 21.152629022292263 21.319923327790686 0.0 0.0 0.0 0.964487957075741 0.2641268268386679
0.0 20.99737777178794 21.40589137644136 0.0 0.0 0.0 0.9755255081724782 0.21988629540020949
0.0 20.853796275989577 21.464730327343815 0.0 0.0 0.0 0.987121212191465 0.15997409928376763
0.0 20.682153194652187 21.507509228056367 0.0 0.0 0.0 0.9954487834291393 0.0952980564830495
0.0 20.461543353315626 21.529827192621067 0.0 0.0 0.0 0.9999995306733991 0.00096884105074163
0.0 20.266367452675812 21.513120718331365 0.0 0.0 0.0 -0.9981878039950638 0.060175642543408556
0.0 20.044655335500963 21.47720509182951 0.0 0.0 0.0 -0.9970740305206975 0.07644198886221504
0.0 19.776318026012653 21.421391267277674 0.0 0.0 0.0 -0.9915684762997565 0.129583782969086
0.0 19.54753746584094 21.348632458357848 0.0 0.0 0.0 -0.9869923132731835 0.16076745174210488
0.0 19.28806766942648 21.25680177998543 0.0 0.0 0.0 -0.9864369654219645 0.1641405289655975
0.0 18.97714413377909 21.14598239043593 0.0 0.0 0.0 -0.983383232549715 0.18154178015011624
0.0 18.710170285931632 21.037817526924506 0.0 0.0 0.0 -0.9795192021441652 0.20135077012730312
0.0 18.41001696839875 20.90052303148355 0.0 0.0 0.0 -0.9755750029143585 0.21966659666105215
0.0 18.091149254923355 20.735994842784848 0.0 0.0 0.0 -0.9684936269936398 0.2490383393630476
0.0 17.820235617412944 20.57835777539342 0.0 0.0 0.0 -0.9661561729560434 0.2579578443446368
0.0 17.50778421748571 20.401159664378252 0.0 0.0 0.0 -0.9695772657713603 0.24478546872584767
0.0 17.154132960755422 20.20971544084691 0.0 0.0 0.0 -0.9699532447802074 0.24329139512187267
0.0 16.844187686835742 20.045405081585976 0.0 0.0 0.0 -0.9717408684756202 0.236050173764493
0.0 16.484664006922067 19.8654164752727 0.0 0.0 0.0 -0.9744814252333932 0.2244681533650033
0.0 16.119135491377417 19.690712943089267 0.0 0.0 0.0 -0.9765838701923792 0.2151370365141114
0.0 15.796839836772842 19.545610688119417 0.0 0.0 0.0 -0.9788216394549102 0.20471491917982393
0.0 15.423703836961627 19.387809708093 0.0 0.0 0.0 -0.9807515392555944 0.19525987362431196
0.0 14.988111778048998 19.21576076584268 0.0 0.0 0.0 -0.9830337953891624 0.18342452704798923
0.0 14.550000602006913 19.050000780820845 0.0 0.0 0.0 -0.9830339110207841 0.18342390733811414
