0.0 16.050000661611556 7.950000339746476 0.0 0.0 0.0 0.0 1.0
0.0 16.184164745592746 8.218328507708854 0.0 0.0 0.0 0.0 1.0
0.0 16.318328829573932 8.486656675671231 0.0 0.0 0.0 0.0 1.0
0.0 16.452492913555123 8.75498484363361 0.0 0.0 0.0 0.0 1.0
0.0 16.586656997536313 9.023313011595986 0.0 0.0 0.0 0.0 1.0
0.0 16.7208210815175 9.291641179558365 0.0 0.0 0.0 0.0 1.0
0.0 16.85498516549869 9.559969347520742 0.0 0.0 0.0 0.0 1.0
0.0 16.989149249479876 9.82829751548312 0.0 0.0 0.0 0.0 1.0
0.0 17.123313333461066 10.096625683445499 0.0 0.0 0.0 0.0 1.0
0.0 17.257477417442256 10.364953851407876 0.0 0.0 0.0 0.0 1.0
0.0 17.391641501423443 10.633282019370252 0.0 0.0 0.0 0.0 1.0
0.0 17.525805585404633 10.901610187332631 0.0 0.0 0.0 0.0 1.0
0.0 17.659969669385823 11.16993835529501 0.0 0.0 0.0 0.0 1.0
0.0 17.85000073313713 11.550000482797623 0.0 0.0 0.0 0.0 1.0
0.0 17.98416481711832 11.818328650760002 0.0 0.0 0.0 0.0 1.0
0.0 18.118328901099506 12.086656818722378 0.0 0.0 0.0 0.0 1.0
0.0 18.252492985080696 12.354984986684757 0.0 0.0 0.0 0.0 1.0
0.0 18.386657069061886 12.623313154647134 0.0 0.0 0.0 0.0 1.0
0.0 18.520821153043073 12.891641322609512 0.0 0.0 0.0 0.0 1.0
0.0 18.654985237024263 13.15996949057189 0.0 0.0 0.0 0.0 1.0
0.0 18.78914932100545 13.428297658534268 0.0 0.0 0.0 0.0 1.0
0.0 18.92331340498664 13.696625826496646 0.0 0.0 0.0 0.0 1.0
0.0 19.05747748896783 13.964953994459023 0.0 0.0 0.0 0.0 1.0
0.0 19.191641572949017 14.2332821624214 0.0 0.0 0.0 0.0 1.0
0.0 19.325805656930207 14.501610330383778 0.0 0.0 0.0 0.0 1.0
0.0 19.459969740911397 14.769938498346157 0.0 0.0 0.0 0.0 1.0
0.0 19.650000804662703 15.15000062584877 0.0 0.0 0.0 0.0 1.0
0.0 19.784164888643893 15.418328793811149 0.0 0.0 0.0 0.0 1.0
0.0 19.91832897262508 15.686656961773526 0.0 0.0 0.0 0.0 1.0
0.0 20.05249305660627 15.954985129735904 0.0 0.0 0.0 0.0 1.0
0.0 20.18665714058746 16.223313297698283 0.0 0.0 0.0 0.0 1.0
0.0 20.320821224568647 16.49164146566066 0.0 0.0 0.0 0.0 1.0
0.0 20.454985308549837 16.759969633623037 0.0 0.0 0.0 0.0 1.0
0.0 20.589149392531027 17.028297801585413 0.0 0.0 0.0 0.0 1.0
0.0 20.723313476512214 17.296625969547794 0.0 0.0 0.0 0.0 1.0
0.0 20.857477560493404 17.56495413751017 0.0 0.0 0.0 0.0 1.0
0.0 20.99164164447459 17.833282305472547 0.0 0.0 0.0 0.0 1.0
0.0 21.12580572845578 18.101610473434924 0.0 0.0 0.0 0.0 1.0
0.0 21.25996981243697 18.369938641397304 0.0 0.0 0.0 0.0 1.0
0.0 21.450000876188277 18.750000768899916 0.0 0.0 0.0 0.0 1.0
0.0 21.56141808352183 19.028543787233797 0.0 0.0 0.0 0.0 1.0
0.0 21.67283529085538 19.307086805567682 0.0 0.0 0.0 0.0 1.0
0.0 21.784252498188934 19.585629823901563 0.0 0.0 0.0 0.0 1.0
0.0 21.89566970552249 19.864172842235448 0.0 0.0 0.0 0.0 1.0
0.0 22.050000900030135 20.25000082850456 0.0 0.0 0.0 0.0 1.0
0.0 22.050000900030135 20.55000084042549 0.0 0.0 0.0 0.0 1.0
0.0 21.750000888109206 20.85000085234642 0.0 0.0 0.0 0.0 1.0
0.0 21.450000876188277 21.150000864267348 0.0 0.0 0.0 0.0 1.0
0.0 21.150000864267348 21.450000876188277 0.0 0.0 0.0 0.0 1.0
0.0 20.85000085234642 21.450000876188277 0.0 0.0 0.0 0.0 1.0
0.0 20.55000084042549 21.450000876188277 0.0 0.0 0.0 0.0 1.0
0.0 20.27351021689732 21.333583771544838 0.0 0.0 0.0 0.0 1.0
0.0 19.997019593369153 21.2171666669014 0.0 0.0 0.0 0.0 1.0
0.0 19.72052896984098 21.100749562257956 0.0 0.0 0.0 0.0 1.0
0.0 19.444038346312812 20.984332457614517 0.0 0.0 0.0 0.0 1.0
0.0 19.167547722784644 20.867915352971078 0.0 0.0 0.0 0.0 1.0
0.0 18.891057099256475 20.75149824832764 0.0 0.0 0.0 0.0 1.0
0.0 18.614566475728303 20.635081143684197 0.0 0.0 0.0 0.0 1.0
0.0 18.338075852200134 20.518664039040758 0.0 0.0 0.0 0.0 1.0
0.0 18.061585228671966 20.40224693439732 0.0 0.0 0.0 0.0 1.0
0.0 17.785094605143797 20.28582982975388 0.0 0.0 0.0 0.0 1.0
0.0 17.508603981615625 20.16941272511044 0.0 0.0 0.0 0.0 1.0
0.0 17.232113358087457 20.052995620466998 0.0 0.0 0.0 0.0 1.0
0.0 16.955622734559288 19.93657851582356 0.0 0.0 0.0 0.0 1.0
0.0 16.67913211103112 19.82016141118012 0.0 0.0 0.0 0.0 1.0
0.0 16.402641487502947 19.70374430653668 0.0 0.0 0.0 0.0 1.0
0.0 16.12615086397478 19.58732720189324 0.0 0.0 0.0 0.0 1.0
0.0 15.84966024044661 19.4709100972498 0.0 0.0 0.0 0.0 1.0
0.0 15.573169616918442 19.35449299260636 0.0 0.0 0.0 0.0 1.0
0.0 15.296678993390271 19.23807588796292 0.0 0.0 0.0 0.0 1.0
0.0 14.850000613927842 19.050000780820845 0.0 0.0 0.0 0.0 1.0
0.0 14.550000602006913 19.050000780820845 0.0 0.0 0.0 0.0 1.0
