0.0 16.050000661611556 7.950000339746476 0.0 0.0 0.0 0.5257311121191321 0.8506508083520409
0.0 16.155633980183843 8.16126697689105 0.0 0.0 0.0 0.5257311121191361 0.8506508083520384
0.0 16.27480760689139 8.399614230306145 0.0 0.0 0.0 0.5257311121191336 0.85065080835204
0.0 16.421673553616095 8.693346123755557 0.0 0.0 0.0 0.5257311121191367 0.850650808352038
0.0 16.56691833607191 8.983835688667194 0.0 0.0 0.0 0.5257311121191315 0.8506508083520412
0.0 16.712445656867114 9.274890330257596 0.0 0.0 0.0 0.5257311121191369 0.8506508083520379
0.0 16.85166422974455 9.553327476012473 0.0 0.0 0.0 0.5257311121191347 0.8506508083520392
0.0 16.98723629150084 9.824471599525053 0.0 0.0 0.0 0.5257311121191336 0.85065080835204
0.0 17.120589363462393 10.091177743448162 0.0 0.0 0.0 0.5257311121191358 0.8506508083520385
0.0 17.255553342951465 10.36110570242631 0.0 0.0 0.0 0.5257311121191336 0.85065080835204
0.0 17.394342577924654 10.638684172372686 0.0 0.0 0.0 0.5257311121191368 0.850650808352038
0.0 17.537578013166804 10.925155042856993 0.0 0.0 0.0 0.5257311121191285 0.8506508083520431
0.0 17.683602720108915 11.217204456741205 0.0 0.0 0.0 0.5257311121191306 0.8506508083520419
0.0 17.829844706297266 11.509688429117901 0.0 0.0 0.0 0.5257311121191325 0.8506508083520405
0.0 17.973997149918972 11.797993316361312 0.0 0.0 0.0 0.5257311121191336 0.85065080835204
0.0 18.114988221112444 12.079975458748256 0.0 0.0 0.0 0.5257311121191293 0.8506508083520427
0.0 18.252985360367127 12.355969737257615 0.0 0.0 0.0 0.5257311121191347 0.8506508083520392
0.0 18.38875743631723 12.627513889157825 0.0 0.0 0.0 0.5257311121191358 0.8506508083520385
0.0 18.522887535327992 12.895774087179351 0.0 0.0 0.0 0.525731112119137 0.8506508083520378
0.0 18.65558945620764 13.16117792893865 0.0 0.0 0.0 0.5257311121191336 0.85065080835204
0.0 18.787345012661323 13.424689041846017 0.0 0.0 0.0 0.5257311121191325 0.8506508083520407
0.0 18.919571633521652 13.689142283566675 0.0 0.0 0.0 0.5257311383405546 0.85065079214631
0.0 19.054431122582187 13.958861303258361 0.0 0.0 0.0 0.5257309524228297 0.8506509070497629
0.0 19.193617878794882 14.237234554382729 0.0 0.0 0.0 0.5257310285652727 0.8506508599911602
0.0 19.33721212375041 14.52442290325062 0.0 0.0 0.0 0.5257323066755065 0.8506500700744408
0.0 19.483487786289903 14.816976282469568 0.0 0.0 0.0 0.5257338543471499 0.8506491135558126
0.0 19.629840541976865 15.109686511857017 0.0 0.0 0.0 0.5257258905288645 0.8506540354501543
0.0 19.774033178484103 15.39806293406049 0.0 0.0 0.0 0.5257049599425286 0.8506669707305111
0.0 19.915038602766927 15.68003043804483 0.0 0.0 0.0 0.5257077702878068 0.850665233954593
0.0 20.05304124529312 15.955997859692568 0.0 0.0 0.0 0.5258199355824019 0.8505959060236057
0.0 20.188746377743616 16.227549889297325 0.0 0.0 0.0 0.5260198365801899 0.8504722990927749
0.0 20.322668678238056 16.49584970981319 0.0 0.0 0.0 0.5259864463554257 0.8504929501473784
0.0 20.45517184434646 16.761254283180527 0.0 0.0 0.0 0.5252073640189544 0.8509742797407343
0.0 20.587283084785774 17.024665503272605 0.0 0.0 0.0 0.5238428012069137 0.8518149562103813
0.0 20.720911222918872 17.288983527483957 0.0 0.0 0.0 0.5234395657059933 0.8520628034678671
0.0 20.857517579464034 17.55855842247769 0.0 0.0 0.0 0.5258929125436262 0.8505507889223205
0.0 20.99637709853939 17.836541798943216 0.0 0.0 0.0 0.5305898254253388 0.847628714211068
0.0 21.135377065805297 18.122681847776523 0.0 0.0 0.0 0.5333144216921082 0.8459170926368684
0.0 21.274474160241997 18.413773214975926 0.0 0.0 0.0 0.5293143149878641 0.8484258105155266
0.0 21.417660707975475 18.70628944593819 0.0 0.0 0.0 0.5205239448623228 0.8538470722705358
0.0 21.568665355640597 18.999292184839337 0.0 0.0 0.0 0.519709313178477 0.8543431569314263
0.0 21.72219188216653 19.295797911363337 0.0 0.0 0.0 0.5448478670807617 0.8385349138453
0.0 21.85830323790966 19.601919249221698 0.0 0.0 0.0 0.6061755633247908 0.7953308660097838
0.0 21.946510707854696 19.92274410529353 0.0 0.0 0.0 0.6950299177107035 0.7189808157990397
0.0 21.95781213777937 20.256254738535723 0.0 0.0 0.0 0.786274179300119 0.6178777508261034
0.0 21.876986263895255 20.588386185788213 0.0 0.0 0.0 0.8615401254424006 0.507689484087166
0.0 21.707756300348557 20.893937857575516 0.0 0.0 0.0 0.9193274508022089 0.3934933775827902
0.0 21.469344149969 21.14380655557398 0.0 0.0 0.0 0.9627939562545133 0.2702365589622961
0.0 21.187769432541362 21.31538847157236 0.0 0.0 0.0 0.990589676320608 0.13686523724829833
0.0 20.887130724630698 21.40008097034323 0.0 0.0 0.0 0.9999700560277405 0.007738672229620575
0.0 20.584272142472464 21.404768838066076 0.0 0.0 0.0 -0.9954218977675182 0.09557847793783107
0.0 20.287707045908373 21.347287682883803 0.0 0.0 0.0 -0.9866301175424331 0.1629754925079367
0.0 19.99945615957069 21.249387545396857 0.0 0.0 0.0 -0.9800915570379002 0.19854606473819747
0.0 19.7179552644222 21.130454334096658 0.0 0.0 0.0 -0.977281693178487 0.21194454977231586
0.0 19.440530306715978 21.004184309440603 0.0 0.0 0.0 -0.9770935615916584 0.212810178083963
0.0 19.164869664927735 20.878127283009867 0.0 0.0 0.0 -0.9780184210832049 0.20851850762441898
0.0 18.889553925271294 20.755139253233132 0.0 0.0 0.0 -0.9790513211456454 0.20361363059227236
0.0 18.613999041224417 20.635343401041858 0.0 0.0 0.0 -0.9797803177279658 0.20007630792496722
0.0 18.338139928373895 20.517777140967343 0.0 0.0 0.0 -0.9801628333891613 0.19819389506877116
0.0 18.061828079935047 20.40127022157226 0.0 0.0 0.0 -0.9803189142940862 0.19742043024282946
0.0 17.784915258249004 20.285024252871317 0.0 0.0 0.0 -0.980395788788489 0.19703831435991476
0.0 17.507072742956453 20.168642681663716 0.0 0.0 0.0 -0.9803892146487184 0.19707102222414433
0.0 17.2302143581948 20.052651624201854 0.0 0.0 0.0 -0.980240186080067 0.19781096429095038
0.0 16.955348955627034 19.93700745844984 0.0 0.0 0.0 -0.9795981535107201 0.20096630970983093
0.0 16.687581593679514 19.822314439635512 0.0 0.0 0.0 -0.9791207335300302 0.20327958375502375
0.0 16.41928381567338 19.7058911856381 0.0 0.0 0.0 -0.9784654264389083 0.20641077797374166
0.0 16.156710947393197 19.58995028237464 0.0 0.0 0.0 -0.9809229382065048 0.1943969889178266
0.0 15.86208187850622 19.46839863255834 0.0 0.0 0.0 -0.9824224250384783 0.18667131215458754
0.0 15.573169616918442 19.35449299260636 0.0 0.0 0.0 -0.9882399978950591 0.15291077973894948
0.0 15.168934709408436 19.22632970561788 0.0 0.0 0.0 -0.9895155893432944 0.1444261002955934
0.0 14.847628384567045 19.130494699880863 0.0 0.0 0.0 -0.9912919055168203 0.1316827933210384
0.0 14.550000602006913 19.050000780820845 0.0 0.0 0.0 0.0 1.0
