0.0 16.050000661611556 7.950000339746476 0.0 0.0 0.0 0.5257311121191325 0.8506508083520407
0.0 16.184164745592746 8.218328507708854 0.0 0.0 0.0 0.5257311121191314 0.8506508083520413
0.0 16.318328829573936 8.486656675671231 0.0 0.0 0.0 0.5257311121191314 0.8506508083520413
0.0 16.452492913555126 8.754984843633608 0.0 0.0 0.0 0.5257311121191369 0.8506508083520379
0.0 16.586656997536313 9.023313011595986 0.0 0.0 0.0 0.5257311121191369 0.8506508083520379
0.0 16.7208210815175 9.291641179558365 0.0 0.0 0.0 0.5257311121191314 0.8506508083520413
0.0 16.85498516549869 9.559969347520742 0.0 0.0 0.0 0.5257311121191325 0.8506508083520407
0.0 16.98914924947988 9.82829751548312 0.0 0.0 0.0 0.5257311121191325 0.8506508083520407
0.0 17.12331333346107 10.096625683445499 0.0 0.0 0.0 0.5257311121191358 0.8506508083520385
0.0 17.257477417442256 10.364953851407876 0.0 0.0 0.0 0.5257311121191358 0.8506508083520385
0.0 17.391641501423443 10.633282019370252 0.0 0.0 0.0 0.5257311121191325 0.8506508083520405
0.0 17.530833613583944 10.911666243691252 0.0 0.0 0.0 0.5257311121191367 0.850650808352038
0.0 17.678070570831338 11.206140158186045 0.0 0.0 0.0 0.5257311121191307 0.8506508083520417
0.0 17.83526861057175 11.520536237666862 0.0 0.0 0.0 0.5257311121191368 0.850650808352038
0.0 17.978724490628302 11.807447997779974 0.0 0.0 0.0 0.5257311121191314 0.8506508083520413
0.0 18.116390596236382 12.08278020899613 0.0 0.0 0.0 0.5257311121191325 0.8506508083520405
0.0 18.251819631546923 12.35363827961721 0.0 0.0 0.0 0.5257311121191336 0.85065080835204
0.0 18.386427504379302 12.622854025281969 0.0 0.0 0.0 0.5257311121191347 0.8506508083520392
0.0 18.520744016051562 12.891487048626491 0.0 0.0 0.0 0.5257311121191325 0.8506508083520405
0.0 18.65495961565079 13.159918247824942 0.0 0.0 0.0 0.5257311121191347 0.8506508083520392
0.0 18.789140890510602 13.42828079754457 0.0 0.0 0.0 0.5257311121191303 0.850650808352042
0.0 18.923310652613345 13.696620321750052 0.0 0.0 0.0 0.5257311121191347 0.8506508083520392
0.0 19.05747659628839 13.96495220910014 0.0 0.0 0.0 0.5257311121191358 0.8506508083520385
0.0 19.19164128505495 14.233281586633264 0.0 0.0 0.0 0.5257311121191304 0.850650808352042
0.0 19.330833592714228 14.511666201951817 0.0 0.0 0.0 0.5257311121191367 0.850650808352038
0.0 19.478070612830205 14.806140242183776 0.0 0.0 0.0 0.5257311121191326 0.8506508083520405
0.0 19.635268672696874 15.120536361917113 0.0 0.0 0.0 0.5257311121191315 0.8506508083520412
0.0 19.778724559171014 15.407448134865389 0.0 0.0 0.0 0.5257311121191358 0.8506508083520385
0.0 19.916390666818277 15.682780350159918 0.0 0.0 0.0 0.5257311121191381 0.8506508083520371
0.0 20.051819702774743 15.953638422072858 0.0 0.0 0.0 0.5257311121191325 0.8506508083520405
0.0 20.186427575811155 16.22285416814568 0.0 0.0 0.0 0.5257311121191336 0.85065080835204
0.0 20.320744087547702 16.491487191618774 0.0 0.0 0.0 0.5257311121191314 0.8506508083520413
0.0 20.454959687167136 16.75991839085764 0.0 0.0 0.0 0.5257311121191314 0.8506508083520413
0.0 20.58914096203329 17.028280940589944 0.0 0.0 0.0 0.5257311121191336 0.85065080835204
0.0 20.723310724138017 17.296620464799396 0.0 0.0 0.0 0.5257311121191336 0.85065080835204
0.0 20.857476667813682 17.564952352150726 0.0 0.0 0.0 0.5257311121191381 0.8506508083520371
0.0 20.991641356580434 17.833281729684238 0.0 0.0 0.0 0.5257311121191293 0.8506508083520427
0.0 21.130833664239773 18.11166634500291 0.0 0.0 0.0 0.5286255031677344 0.8488551569029075
0.0 21.276023465457484 18.40705972176834 0.0 0.0 0.0 0.535471034919045 0.8445535925935824
0.0 21.425851537290324 18.724765453022055 0.0 0.0 0.0 0.5498662808985846 0.8352527001637042
0.0 21.552558898488808 19.019198420298874 0.0 0.0 0.0 0.5564824686968403 0.8308593515349455
0.0 21.669693220336384 19.303750763835737 0.0 0.0 0.0 0.5591746882097708 0.8290498586125599
0.0 21.78702684137618 19.59412492900071 0.0 0.0 0.0 0.5728097466522488 0.8196883518387866
0.0 21.89917632565853 19.900468219816158 0.0 0.0 0.0 0.6336970302609807 0.7735813298150452
0.0 21.965433691283604 20.230459777714547 0.0 0.0 0.0 0.7715253713559845 0.6361985549763612
0.0 21.904834782184125 20.542734143660553 0.0 0.0 0.0 0.8839084861762458 0.46765990641236005
0.0 21.697512267261672 20.84739952885856 0.0 0.0 0.0 0.9207510053757456 0.3901507222850596
0.0 21.431572654285898 21.12209407181059 0.0 0.0 0.0 0.9530846340755605 0.3027039482548169
0.0 21.1436679070022 21.325490915536594 0.0 0.0 0.0 0.9933814586984884 0.11486199334010981
0.0 20.849975462913893 21.39432897277335 0.0 0.0 0.0 -0.99989499145977 0.014491585616022552
0.0 20.55901895274123 21.385893472926337 0.0 0.0 0.0 -0.9915164081565029 0.12998158468193577
0.0 20.276807524380345 21.310607340312927 0.0 0.0 0.0 -0.9847948040737854 0.17372159874141935
0.0 19.99818634775055 21.209150474455825 0.0 0.0 0.0 -0.981885451770775 0.18947548548796772
0.0 19.72093226479635 21.098007725601487 0.0 0.0 0.0 -0.9807965816968672 0.19503349797340055
0.0 19.444175315391707 20.983408812940738 0.0 0.0 0.0 -0.9804117164143094 0.19695904731072364
0.0 19.167593607685998 20.867607931465894 0.0 0.0 0.0 -0.9802796314403872 0.1976153946004679
0.0 18.891072302980184 20.75139692344517 0.0 0.0 0.0 -0.9802351211195622 0.1978360617372805
0.0 18.614571468321408 20.635048016690185 0.0 0.0 0.0 -0.980220314796992 0.19790940972901172
0.0 18.338077479420864 20.518653282083772 0.0 0.0 0.0 -0.9802154383410346 0.19793356066592965
0.0 18.061585755671025 20.40224346165259 0.0 0.0 0.0 -0.9802138451946235 0.19794145015324766
0.0 17.785094774893366 20.28582871423317 0.0 0.0 0.0 -0.9802133282051807 0.19794401028806807
0.0 17.508604036035454 20.16941236834504 0.0 0.0 0.0 -0.980213161396565 0.19794483631797907
0.0 17.232113375461893 20.052995506804624 0.0 0.0 0.0 -0.980213107840644 0.19794510152409975
0.0 16.955622740086163 19.93657847973502 0.0 0.0 0.0 -0.9802130907198876 0.19794518630511165
0.0 16.679132112783545 19.820161399756607 0.0 0.0 0.0 -0.9802130852674702 0.1979452133051648
0.0 16.402641488056986 19.70374430293054 0.0 0.0 0.0 -0.9802130835368871 0.19794522187491062
0.0 16.126150864149484 19.587327200757674 0.0 0.0 0.0 -0.9802130829892541 0.1979452245867569
0.0 15.849660240501569 19.47091009689301 0.0 0.0 0.0 -0.9802130828122665 0.19794522546318905
0.0 15.557852718901609 19.348043772269612 0.0 0.0 0.0 -0.9831366558797124 0.1828724032369454
0.0 15.239422315517627 19.22533623453626 0.0 0.0 0.0 -0.9883181870945668 0.1524045965780199
0.0 14.88256444327422 19.11259607931872 0.0 0.0 0.0 -0.995676582419833 0.09288779909525997
0.0 14.550000602006913 19.050000780820845 0.0 0.0 0.0 0.0 1.0
