0.007989796502
0.004012602057
0.002686818745
0.002023888728
0.001626100431
0.001360883322
0.001171421452
0.001029306842
0.0009187572765
0.0008303034229
0.0007579193389
0.0006465273764
0.0005648038957
0.0005022784282
0.0004528890972
0.00039559964
0.000352015888
0.0003177337352
0.0002819735939
0.0002480804296
0.000222195528
0.0001981846434
0.000176716683
0.0001600277266
0.0001433237774
0.0001290292174
0.0001158355088
0.0001048166495
9.494542751e-05
8.625063415e-05
7.866070292e-05
7.150694854e-05
6.544643715e-05
5.993356925e-05
5.501294617e-05
5.056291857e-05
4.651917283e-05
4.297393991e-05
3.972057558e-05
3.679718143e-05
3.417246178e-05
3.182189487e-05
2.970533827e-05
2.780207696e-05
2.610175932e-05
2.459917758e-05
2.329133443e-05
2.216553268e-05
2.122770904e-05
2.047451973e-05
1.990337774e-05
1.952092485e-05
1.932742194e-05
1.932420605e-05
1.951264065e-05
1.989199983e-05
2.046270687e-05
2.122348173e-05
2.217371522e-05
2.331817294e-05
2.465627333e-05
2.619702321e-05
2.794919461e-05
2.992503499e-05
3.214143662e-05
3.462092649e-05
3.738668593e-05
4.047309458e-05
4.391601256e-05
4.776073523e-05
5.205837018e-05
5.687215473e-05
6.22708621e-05
6.833713902e-05
7.516518691e-05
8.286565564e-05
9.156347085e-05
0.0001014016997
0.0001125481536
0.0001251922818
0.0001395498753
0.0001558705102
0.0001744373659
0.0001955765146
0.0002196586433
0.0002471064356
0.000278404725
0.0003141050449
0.0003548404351
0.0004013290767
0.0004543955984
0.0005149784368
