0.00508700312
0.01017400624
0.01526100936
0.02034801248
0.0254350156
0.03052201872
0.03560902184
0.04069602496
0.04578302808
0.0508700312
0.05595703432
0.06613104056
0.0763050468
0.08647905304
0.09665305928
0.1119140686
0.127175078
0.1424360874
0.1627840998
0.1882191154
0.213654131
0.2441761498
0.2797851716
0.3153941934
0.3611772215
0.4120472527
0.4730912901
0.5392223307
0.6155273775
0.7020064305
0.7986594898
0.9156605616
1.04283564
1.19035873
1.358229833
1.551535952
1.775364089
2.024627242
2.31458642
2.645241622
3.021679853
3.448988115
3.937340415
4.496910758
5.137873151
5.8704016
6.704670112
7.661026699
8.749645366
9.990874127
11.415235
13.037989
14.88965813
17.01093843
19.43235192
22.19459461
25.35362355
28.96030876
33.07569429
37.78625917
43.15813447
49.29814723
56.31312454
64.32515445
73.47667306
83.93555148
95.8747478
109.5180902
125.0995807
142.8990046
163.2266691
186.4539254
212.9826466
243.2859242
277.8978934
317.4391687
362.6066694
414.193968
473.1268992
540.4482985
617.3434376
705.1807205
805.511683
920.1218633
1051.040976
1200.583606
1371.405171
1566.52735
1789.419478
2044.018898
2334.847953
2667.054692
