242.7761938
216.5850661
191.1745813
166.6266697
144.0435176
126.1547888
115.108315
107.579297
101.3558453
97.05979121
94.10527427
86.90714902
79.61277161
75.00042469
71.58062898
65.67653098
61.69482525
58.66798468
54.66017745
51.08077843
47.95931592
44.7866183
41.7460322
39.31934273
36.65629101
34.22634038
31.89945933
29.83433743
27.91154428
26.14866225
24.51316514
22.88166614
21.4376291
20.02277636
18.69146226
17.48498124
16.33306693
15.27392691
14.29242926
13.37223949
12.50592368
11.72821397
11.05595925
10.44604352
9.910939121
9.44889203
9.054809996
8.730552994
8.497909663
8.356713448
8.281858319
8.2913804
8.411647814
8.667209342
9.098647217
9.760978348
10.64709808
11.76489034
13.11088885
14.69541948
16.52337219
18.62979955
21.0419583
23.78420802
26.89687322
30.43156171
34.44837165
39.0272747
44.23906166
50.15827202
56.88135854
64.50303493
73.07228625
82.65263442
93.33591958
105.1753901
118.1585164
132.2557316
147.4448465
163.7608885
181.1802893
199.4243194
218.7178054
239.3510326
261.4602847
285.4198094
312.9453633
346.7408058
387.9731155
434.3851898
485.5995308
542.6050849
