200.4863228
205.5984791
208.0202023
193.1538268
163.3485092
128.0688279
97.69773914
78.04427996
69.07999576
66.65472162
66.50322858
67.64595018
64.40674808
55.65110087
49.83869342
46.62446118
45.56988281
41.30313685
38.48752449
35.48487493
33.51531524
30.8306404
28.80160332
27.25521457
25.44610397
23.71478482
22.17086031
20.84752469
19.47653068
18.45676759
17.45284312
16.42053519
15.52723697
14.67034448
13.87488471
13.10982041
12.38830934
11.7608013
11.18134651
10.6523433
10.14445516
9.728324958
9.368056259
9.052674379
8.796582979
8.631287896
8.519923465
8.46292513
8.429136387
8.432189966
8.452722651
8.492826575
8.560567477
8.662475206
8.784846018
8.93340503
9.121082489
9.338352403
9.590438763
9.916834081
10.36301345
10.9492913
11.6661792
12.51429721
13.50106994
14.64593131
15.96878629
17.54752024
19.40625693
21.57203421
24.04543166
26.87503738
30.05766623
33.60313279
37.53922264
41.85716737
46.72142933
52.18243858
58.33075131
65.46512902
73.764919
83.56497917
95.12110191
108.5876186
124.194949
142.4762804
163.6268315
188.673663
218.2902735
251.9875118
288.0519881
324.5753552
