271.8583942
175.8547692
138.8413408
118.1326046
104.5136986
94.70286649
87.20886112
81.24588074
76.35610446
72.25263447
68.74544326
63.03126632
58.53837941
54.88611534
51.84147616
48.09586339
45.05983002
42.53444295
39.74541317
36.92574842
34.63205395
32.37294288
30.22442001
28.45403582
26.5777553
24.87426203
23.20714281
21.73292138
20.33837886
19.04324683
17.85411622
16.67647697
15.63016651
14.63509057
13.70837681
12.83597312
12.01249664
11.26461064
10.55550811
9.898569929
9.291901179
8.734317478
8.220029442
7.747030397
7.315325964
6.925843358
6.579784682
6.275445719
6.015854506
5.801381131
5.632375519
5.511813283
5.440808509
5.420696447
5.452935112
5.538288885
5.677684699
5.871543006
6.120317799
6.425805492
6.788335643
7.210797598
7.696062706
8.248014389
8.87191244
9.574708444
10.3636523
11.2493063
12.24279382
13.3580855
14.61096724
16.02088629
17.60903281
19.40078213
21.42502314
23.71561099
26.31072808
29.25403436
32.59665134
36.39624342
40.71843289
45.63905053
51.24409498
57.63254693
64.91690379
73.22542256
82.70520564
93.52359113
105.8726497
119.9702968
136.0667609
154.4468251
