351.6744082
205.8438257
154.6893476
127.7918727
110.8667532
99.07073043
90.28927508
83.44453999
77.92590531
73.35978286
69.50380492
63.31213105
58.52132316
54.67600827
51.50338553
47.64052812
44.54132103
41.98469708
39.18331547
36.37453304
34.10694466
31.8887467
29.7933458
28.07742935
26.26985603
24.63907245
23.05333908
21.6602796
20.35130401
19.14421474
18.0441611
16.96365341
16.01225067
15.11620212
14.29071733
13.5229639
12.80812709
12.16876603
11.57289279
11.03158159
10.54269438
10.10459736
9.712097869
9.363141433
9.057193383
8.794279961
8.574465179
8.396040989
8.260280319
8.166975645
8.116527501
8.110650303
8.150790358
8.239483844
8.379401794
8.573833868
8.827559492
9.14536055
9.533072726
9.999262365
10.5507605
11.19869453
11.95447286
12.83131051
13.84481178
15.01356465
16.35686441
17.89984922
19.66893719
21.69584288
24.01585213
26.67130213
29.70809605
33.18035167
37.14923944
41.68589657
46.87025932
52.79339489
59.56158951
67.2945957
76.1285515
86.22065491
97.74916355
110.9192389
125.9641152
143.1497751
162.7813803
185.2061942
210.8229356
240.0841174
273.5094932
311.690734
