0.002262903382
0.003457459267
0.003722242159
0.00308688774
0.002030206688
0.001179894189
0.0007861111611
0.0006069368552
0.0007688013634
0.001052099407
0.001092781279
0.0006296554455
0.0005029281783
0.0006427811196
0.0005656743811
0.0002763703019
0.0004827792844
0.0002641901172
0.0003607058195
0.000211258111
0.0001881233894
0.0002245440953
0.0002027632147
0.0001949636487
0.0001264772494
0.0001211553737
0.0001001420945
0.000107019826
8.360439687e-05
7.60543464e-05
7.290917358e-05
6.184093039e-05
7.443726523e-05
6.713979405e-05
4.917331019e-05
5.005435807e-05
4.891729626e-05
4.044677544e-05
3.622732125e-05
3.424208475e-05
3.48145808e-05
2.971769582e-05
3.053743784e-05
2.802358051e-05
2.585293759e-05
2.498220571e-05
2.414492393e-05
2.329437739e-05
2.276317358e-05
2.22006928e-05
2.146726179e-05
2.08675598e-05
2.037173685e-05
1.993163306e-05
1.95756012e-05
1.925846944e-05
1.901460597e-05
1.909238409e-05
1.957668903e-05
2.037093478e-05
2.141430152e-05
2.282775506e-05
2.455236606e-05
2.660756848e-05
2.909244746e-05
3.198239289e-05
3.533327361e-05
3.92648258e-05
4.379038886e-05
4.892335393e-05
5.487660085e-05
6.151442145e-05
6.87428047e-05
7.689670566e-05
8.609224796e-05
9.628417407e-05
0.0001072573917
0.0001191409808
0.0001315464352
0.0001444353787
0.0001576831366
0.0001716245883
0.0001863170076
0.0002020131838
0.0002185480627
0.0002365987978
0.000257362651
0.0002825425643
0.0003125510268
0.0003480365448
0.0003883147463
0.0004342957006
