0.005643089633
0.002898489093
0.001982683373
0.001524128706
0.001248511664
0.001064391119
0.0009325755758
0.0008334674399
0.0007561777357
0.0006941719581
0.0006432908928
0.0005646615792
0.0005066299236
0.0004619584613
0.0004264529343
0.000384952177
0.0003530859942
0.0003277915987
0.0003011362507
0.0002755523523
0.0002557509221
0.0002371325016
0.0002202392478
0.0002069158635
0.0001933857703
0.000181630826
0.0001706192613
0.0001612931894
0.0001528329702
0.0001452977853
0.0001386593685
0.0001323571058
0.0001269920411
0.000122101307
0.0001177385424
0.0001138065079
0.0001102559226
0.000107170766
0.0001043713569
0.0001018891358
9.969273774e-05
9.775485192e-05
9.603434735e-05
9.450545681e-05
9.314982973e-05
9.195228526e-05
9.089878407e-05
8.996696027e-05
8.914940923e-05
8.843127376e-05
8.779748041e-05
8.724316242e-05
8.675833862e-05
8.633386993e-05
8.596508026e-05
8.564652611e-05
8.537290466e-05
8.514121732e-05
8.494895461e-05
8.479411634e-05
8.467699258e-05
8.459827009e-05
8.456061079e-05
8.456847392e-05
8.462857881e-05
8.475056633e-05
8.494739109e-05
8.52367935e-05
8.564175141e-05
8.619242661e-05
8.692733638e-05
8.789617541e-05
8.916062436e-05
9.079799775e-05
9.290284474e-05
9.559007412e-05
9.899539319e-05
0.0001032766233
0.0001086158241
0.0001152163016
0.0001233020663
0.0001331193761
0.0001449347381
0.0001590395695
0.0001757516248
0.0001954211368
0.0002184401124
0.0002452481439
0.0002763458842
0.0003123000669
0.0003537617303
0.0004014735305
