179.0034167
204.4942939
204.5596341
171.6007444
127.3701492
100.5733581
92.32942315
88.24110745
89.35269893
93.73301734
91.58253032
72.25112218
63.6410855
62.13097528
55.79111431
45.68944127
47.48579967
40.51681688
41.49529971
36.94564629
33.25637265
30.81934741
28.7598873
27.50465953
24.05195987
22.64872298
20.80414011
19.76872942
18.32551665
17.36985326
16.33790541
15.2180109
14.54318295
13.64437976
12.64173458
11.89919513
11.16834043
10.38209989
9.718245297
9.089898066
8.540039605
8.000005548
7.556387197
7.080691424
6.655089913
6.316139155
6.003424334
5.72201353
5.479278884
5.27113637
5.096961479
4.953747171
4.848448085
4.80682469
4.831842285
4.908648714
5.037329043
5.214917479
5.451117757
5.751303712
6.106112996
6.530307567
7.034159357
7.630691375
8.331890946
9.15289357
10.09945219
11.19555196
12.45188247
13.88082983
15.48043345
17.26876487
19.27352154
21.47607354
23.91822875
26.67122203
29.68494409
32.97120199
36.63518112
40.75194586
45.26627342
50.11360574
55.37124717
61.06630174
67.27593329
74.13870623
82.36362536
92.21866057
103.8819292
116.4224139
130.1413644
145.0407552
