0.001847813677
0.002432018751
0.002642956874
0.002435414347
0.001949902673
0.001400234268
0.0009332016054
0.00061861737
0.0005035521406
0.0005351752419
0.0005757221178
0.0005996442201
0.0005439815296
0.0004247016877
0.0003564906534
0.0003327579168
0.0003521900146
0.0002386693571
0.0002829502156
0.0002101177158
0.0002151046977
0.0002002162718
0.0001882188196
0.0001843884441
0.0001718146482
0.0001677641966
0.0001648105964
0.0001653790435
0.000164438187
0.0001649937034
0.0001654606134
0.0001659516663
0.0001673790047
0.000167219169
0.0001659143074
0.0001648359881
0.0001628932711
0.0001600777303
0.0001567338788
0.000152919292
0.00014869295
0.0001436913062
0.0001381558561
0.0001318591099
0.0001254847117
0.0001191243043
0.000112736244
0.0001070249002
0.0001020635001
9.755457414e-05
9.295309225e-05
8.865474108e-05
8.423463544e-05
8.019131076e-05
7.639794034e-05
7.3093505e-05
7.045426299e-05
6.831829538e-05
6.635423103e-05
6.451546583e-05
6.300796504e-05
6.151984593e-05
6.00933228e-05
5.904673858e-05
5.801986321e-05
5.740935012e-05
5.773738884e-05
5.846512061e-05
5.941551954e-05
6.097472268e-05
6.263963569e-05
6.396060182e-05
6.643681296e-05
6.970874913e-05
7.335623167e-05
7.758888993e-05
8.283436389e-05
8.928341028e-05
9.667187559e-05
0.0001047378998
0.0001144804932
0.000125965001
0.0001389168655
0.0001532668555
0.0001708827231
0.000191079984
0.0002162807922
0.0002466403587
0.0002835275729
0.0003233916808
0.0003676545439
0.0004098279491
