437.4125077
269.2074276
207.7529744
174.465832
153.0457853
137.8543994
126.3863253
117.3447241
109.9849493
103.8459754
98.62554885
90.17103714
83.5665001
78.22450676
73.78898023
68.35350556
63.96424581
60.32401751
56.31466508
52.27241145
48.99209228
45.7678933
42.70745836
40.18990133
37.52589304
35.11092488
32.75104925
30.66731833
28.69915144
26.87421649
25.20159681
23.54857858
22.08355776
20.69445471
19.4056701
18.19825972
17.06572172
16.04550192
15.088461
14.21435697
13.42227226
12.71244929
12.07973111
11.52452596
11.05017002
10.66118573
10.36211439
10.1551443
10.04595684
10.03775463
10.13490486
10.34064373
10.65818566
11.09260019
11.64661518
12.32448912
13.13428082
14.08298531
15.18042683
16.44358418
17.88435044
19.52587692
21.39162103
23.50939061
25.91262027
28.64160417
31.73812454
35.25729275
39.25689638
43.80654168
48.98365355
54.88119707
61.59985219
69.25830672
77.99061654
87.95258647
99.31916584
112.2895516
127.0961107
144.0005164
163.3001263
185.3381809
210.5037886
239.2446771
272.0697359
309.5592149
352.3787484
401.2857258
457.1496907
520.9574378
593.8423347
677.0945197
