0.002508660415
0.003368335066
0.003486029866
0.002877038864
0.001942655498
0.001257800211
0.0009992885567
0.0009008978251
0.0009970175571
0.001179572049
0.00118400666
0.0007632703495
0.0006110294099
0.0006714346397
0.0005667810378
0.000290850161
0.0004651803718
0.0002696996275
0.00037757101
0.0002698939662
0.0002187426157
0.0002220873082
0.0002094006241
0.0002108943446
0.0001344732015
0.0001346865568
0.0001100660797
0.0001151548123
9.106748419e-05
8.663639974e-05
8.114924035e-05
7.055451942e-05
7.848112591e-05
7.134894333e-05
5.55074249e-05
5.561498097e-05
5.37431044e-05
4.628775118e-05
4.233919824e-05
4.007507748e-05
3.971299838e-05
3.494823088e-05
3.489435413e-05
3.249237212e-05
3.040196808e-05
2.929379914e-05
2.835519075e-05
2.745412678e-05
2.687850708e-05
2.633151861e-05
2.566263537e-05
2.512871061e-05
2.45998932e-05
2.417785982e-05
2.384249617e-05
2.374610065e-05
2.37927457e-05
2.400086758e-05
2.437000081e-05
2.468275497e-05
2.476215045e-05
2.463404799e-05
2.441069948e-05
2.436707132e-05
2.453173111e-05
2.477213229e-05
2.501404935e-05
2.51209636e-05
2.504397409e-05
2.484883272e-05
2.453015404e-05
2.456980222e-05
2.534030648e-05
2.65654116e-05
2.790010909e-05
2.955860404e-05
3.151315584e-05
3.306390547e-05
3.467633705e-05
3.719630076e-05
4.035342183e-05
4.341958961e-05
4.622437671e-05
4.879491156e-05
5.032854749e-05
5.071840799e-05
4.955988585e-05
4.640213682e-05
4.450033591e-05
4.55961909e-05
4.96120803e-05
5.577011387e-05
