0.009083520513
0.004555706335
0.003046421556
0.002291769219
0.001838969932
0.001537097229
0.00132146834
0.001159741877
0.001033950403
0.0009333134568
0.0008509707418
0.0007242811252
0.0006313657089
0.0005603043357
0.0005041958587
0.0004391492998
0.0003897018035
0.0003508396558
0.0003103442944
0.0002720190974
0.0002428012512
0.0002157551514
0.0001916370341
0.0001729445104
0.0001543024404
0.0001384208231
0.0001238409252
0.0001117410224
0.000100978984
9.157789221e-05
8.344775184e-05
7.586688776e-05
6.952194434e-05
6.38260752e-05
5.88157138e-05
5.435580345e-05
5.037205824e-05
4.694186224e-05
4.385228872e-05
4.112881832e-05
3.87295687e-05
3.661939568e-05
3.475000165e-05
3.309127118e-05
3.162218038e-05
3.032590693e-05
2.918740791e-05
2.818303058e-05
2.730551059e-05
2.65396677e-05
2.587025144e-05
2.529286389e-05
2.479764799e-05
2.437572132e-05
2.402268844e-05
2.373326075e-05
2.350232615e-05
2.332680265e-05
2.320388223e-05
2.313123347e-05
2.310782029e-05
2.313284819e-05
2.320634681e-05
2.3328898e-05
2.350170443e-05
2.372668046e-05
2.400591011e-05
2.434257332e-05
2.473991521e-05
2.520196649e-05
2.573302275e-05
2.633826868e-05
2.702279342e-05
2.779244319e-05
2.865332437e-05
2.961218571e-05
3.067588529e-05
3.185160244e-05
3.31473169e-05
3.457108981e-05
3.613127268e-05
3.78369315e-05
3.969738382e-05
4.172268727e-05
4.392328261e-05
4.631015793e-05
4.889514244e-05
5.16906259e-05
5.471003452e-05
5.796732971e-05
6.14777232e-05
6.525724088e-05
